10002858	0.00
10012872	0.00
10022886	0.00
10032900	0.00
10042914	0.00
10052928	0.00
10062942	0.00
10072956	0.00
10082969	0.00
10092983	0.00
10103005	0.00
10113019	0.00
10123033	0.00
10133046	0.00
10143059	0.00
10153073	0.00
10163087	0.00
10173100	0.00
10183113	0.00
10193126	0.00
10203140	0.00
10213154	0.00
10223168	0.00
10233182	0.00
10243195	0.00
10253209	0.00
10263223	0.00
10273237	0.00
10283251	0.00
10293265	0.00
10303279	0.00
10313293	0.00
10323307	0.00
10333320	0.00
10343334	0.00
10353348	0.00
10363361	0.00
10373375	0.00
10383389	0.00
10393403	0.00
10403417	0.00
10413431	0.00
10423445	0.00
10433459	0.00
10443473	0.00
10453487	0.00
10463501	0.00
10473515	0.00
10483528	0.00
10493542	0.00
10503556	0.00
10513570	0.00
10523584	0.00
10533598	0.00
10543612	0.00
10553626	0.00
10563640	0.00
10573654	0.00
10583668	0.00
10593682	0.00
10603695	0.00
10613709	0.00
10623723	0.00
10633737	0.00
10643751	0.00
10653764	0.00
10663778	0.00
10673792	0.00
10683805	0.00
10693819	0.00
10703833	0.00
10713847	0.00
10723861	0.00
10733875	0.00
10743889	0.00
10753903	0.00
10763917	0.00
10773931	0.00
10783945	0.00
10793959	0.00
10803973	0.00
10813987	0.00
10824009	0.00
10834023	0.00
10844037	0.00
10854051	0.00
10864065	0.00
10874079	0.00
10884093	0.00
10894107	0.00
10904121	0.00
10914135	0.00
10924149	0.00
10934163	0.00
10944177	0.00
10954191	0.00
10964205	0.00
10974219	0.00
10984233	0.00
10994247	0.00
11004261	0.00
11014275	0.00
11024289	0.00
11034303	0.00
11044317	0.00
11054331	0.00
11064345	0.00
11074359	0.00
11084373	0.00
11094387	0.00
11104401	0.00
11114415	0.00
11124429	0.00
11134443	0.00
11144459	0.00
11154473	0.00
11164488	0.00
11174502	0.00
11184516	0.00
11194530	0.00
11204544	0.00
11214558	0.00
11224572	0.00
11234586	0.00
11244601	0.00
11254616	0.00
11264630	0.00
11274644	0.00
11284658	0.00
11294672	0.00
11304686	0.00
11314700	0.00
11324714	0.00
11334728	0.00
11344742	0.00
11354756	0.00
11364770	0.00
11374784	0.00
11384799	0.00
11394813	0.00
11404827	0.00
11414841	0.00
11424855	0.00
11434869	0.00
11444883	0.00
11454897	0.00
11464911	0.00
11474925	0.00
11484939	0.00
11494953	0.00
11504967	0.00
11514982	0.00
11525005	0.00
11535019	0.00
11545033	0.00
11555047	0.00
11565062	0.00
11575076	0.00
11585090	0.00
11595104	0.00
11605118	0.00
11615132	0.00
11625146	0.00
11635160	0.01
11645175	0.02
11655190	0.04
11665205	0.06
11675220	0.09
11685235	0.13
11695251	0.17
11705266	0.21
11715282	0.25
11725298	0.29
11735314	0.33
11745330	0.37
11755346	0.40
11765362	0.44
11775378	0.48
11785394	0.52
11795409	0.56
11805424	0.60
11815439	0.65
11825454	0.69
11835470	0.74
11845486	0.80
11855501	0.85
11865517	0.91
11875534	0.96
11885550	1.01
11895565	1.06
11905581	1.10
11915596	1.14
11925613	1.17
11935629	1.21
11945646	1.24
11955662	1.26
11965679	1.29
11975695	1.32
11985711	1.35
11995727	1.37
12005744	1.40
12015760	1.43
12025776	1.45
12035793	1.48
12045810	1.50
12055826	1.52
12065843	1.55
12075859	1.57
12085875	1.59
12095891	1.61
12105908	1.63
12115924	1.65
12125941	1.67
12135957	1.69
12145973	1.71
12155998	1.73
12166014	1.74
12176030	1.76
12186047	1.77
12196063	1.78
12206080	1.79
12216096	1.81
12226112	1.82
12236128	1.83
12246144	1.84
12256160	1.85
12266176	1.86
12276192	1.86
12286208	1.87
12296225	1.87
12306242	1.87
12316258	1.87
12326275	1.87
12336292	1.88
12346308	1.88
12356324	1.88
12366340	1.88
12376356	1.88
12386371	1.88
12396388	1.87
12406404	1.87
12416420	1.87
12426436	1.87
12436452	1.86
12446469	1.86
12456486	1.85
12466502	1.85
12476518	1.85
12486534	1.84
12496550	1.84
12506566	1.84
12516582	1.83
12526599	1.83
12536615	1.83
12546631	1.83
12556647	1.83
12566664	1.82
12576680	1.81
12586696	1.79
12596712	1.77
12606728	1.73
12616744	1.69
12626761	1.64
12636777	1.58
12646793	1.52
12656810	1.44
12666826	1.36
12676842	1.27
12686858	1.17
12696874	1.06
12706890	0.94
12716905	0.82
12726921	0.70
12736936	0.57
12746952	0.43
12756969	0.29
12766984	0.14
12777009	-0.00
12787024	-0.15
12797040	-0.29
12807056	-0.42
12817072	-0.56
12827088	-0.69
12837104	-0.81
12847120	-0.93
12857135	-1.04
12867150	-1.14
12877166	-1.24
12887182	-1.32
12897198	-1.41
12907215	-1.48
12917232	-1.54
12927248	-1.60
12937264	-1.65
12947280	-1.69
12957296	-1.71
12967313	-1.73
12977330	-1.75
12987346	-1.75
12997362	-1.75
13007378	-1.74
13017394	-1.72
13027410	-1.69
13037426	-1.66
13047442	-1.61
13057459	-1.56
13067476	-1.50
13077491	-1.43
13087507	-1.35
13097523	-1.26
13107539	-1.17
13117555	-1.07
13127571	-0.96
13137587	-0.85
13147603	-0.72
13157618	-0.60
13167633	-0.46
13177649	-0.33
13187665	-0.19
13197681	-0.06
13207697	0.08
13217712	0.22
13227728	0.36
13237744	0.49
13247759	0.62
13257775	0.74
13267791	0.86
13277807	0.97
13287823	1.08
13297839	1.17
13307855	1.26
13317871	1.34
13327887	1.42
13337904	1.48
13347920	1.53
13357936	1.58
13367953	1.62
13377969	1.65
13387985	1.68
13398010	1.69
13408026	1.70
13418041	1.70
13428056	1.68
13438072	1.67
13448088	1.64
13458105	1.60
13468121	1.56
13478137	1.51
13488153	1.45
13498169	1.38
13508185	1.30
13518201	1.22
13528217	1.12
13538234	1.02
13548250	0.92
13558266	0.80
13568281	0.69
13578296	0.56
13588312	0.44
13598328	0.30
13608343	0.17
13618359	0.03
13628375	-0.10
13638391	-0.23
13648406	-0.36
13658421	-0.49
13668438	-0.62
13678454	-0.74
13688470	-0.85
13698485	-0.96
13708501	-1.06
13718517	-1.15
13728534	-1.23
13738550	-1.31
13748567	-1.38
13758583	-1.45
13768599	-1.50
13778615	-1.55
13788631	-1.58
13798648	-1.61
13808664	-1.63
13818680	-1.64
13828696	-1.64
13838712	-1.64
13848728	-1.63
13858744	-1.60
13868760	-1.57
13878777	-1.53
13888793	-1.49
13898809	-1.43
13908826	-1.37
13918842	-1.29
13928858	-1.21
13938874	-1.13
13948891	-1.03
13958907	-0.93
13968924	-0.82
13978939	-0.71
13988955	-0.59
13998970	-0.46
14008986	-0.32
14019011	-0.20
14029026	-0.07
14039043	0.07
14049058	0.20
14059073	0.33
14069090	0.46
14079105	0.58
14089121	0.69
14099136	0.80
14109152	0.91
14119168	1.01
14129184	1.11
14139200	1.19
14149216	1.27
14159232	1.33
14169248	1.39
14179264	1.45
14189281	1.49
14199297	1.52
14209314	1.55
14219330	1.57
14229346	1.58
14239362	1.58
14249378	1.58
14259394	1.56
14269410	1.54
14279427	1.51
14289443	1.47
14299460	1.43
14309476	1.37
14319493	1.31
14329509	1.23
14339525	1.15
14349541	1.07
14359557	0.97
14369573	0.87
14379590	0.76
14389605	0.65
14399621	0.53
14409637	0.41
14419652	0.29
14429668	0.16
14439684	0.03
14449700	-0.10
14459715	-0.22
14469731	-0.34
14479748	-0.47
14489764	-0.59
14499780	-0.70
14509796	-0.81
14519812	-0.91
14529828	-1.00
14539843	-1.09
14549859	-1.17
14559876	-1.24
14569893	-1.31
14579910	-1.36
14589926	-1.41
14599942	-1.45
14609959	-1.48
14619975	-1.51
14630000	-1.52
14640017	-1.53
14650033	-1.53
14660050	-1.52
14670066	-1.50
14680082	-1.47
14690099	-1.44
14700116	-1.39
14710134	-1.34
14720150	-1.28
14730167	-1.21
14740183	-1.13
14750200	-1.05
14760215	-0.96
14770232	-0.86
14780248	-0.76
14790265	-0.65
14800281	-0.54
14810296	-0.42
14820312	-0.30
14830328	-0.17
14840344	-0.05
14850360	0.07
14860376	0.20
14870391	0.32
14880407	0.44
14890423	0.56
14900439	0.67
14910455	0.77
14920471	0.87
14930487	0.96
14940503	1.05
14950518	1.13
14960535	1.20
14970550	1.26
14980566	1.32
14990583	1.37
15000600	1.40
15010616	1.43
15020632	1.46
15030648	1.47
15040664	1.48
15050680	1.48
15060696	1.46
15070713	1.45
15080729	1.42
15090746	1.38
15100763	1.34
15110781	1.29
15120798	1.23
15130814	1.16
15140830	1.09
15150845	1.00
15160860	0.91
15170876	0.81
15180891	0.72
15190906	0.61
15200921	0.50
15210936	0.38
15220952	0.26
15230967	0.14
15240984	0.01
15251008	-0.11
15261024	-0.23
15271040	-0.35
15281056	-0.46
15291071	-0.57
15301087	-0.68
15311103	-0.78
15321119	-0.87
15331134	-0.96
15341150	-1.04
15351166	-1.12
15361182	-1.18
15371198	-1.24
15381214	-1.29
15391231	-1.34
15401248	-1.37
15411264	-1.40
15421280	-1.42
15431297	-1.43
15441313	-1.43
15451329	-1.43
15461346	-1.41
15471362	-1.39
15481379	-1.36
15491396	-1.32
15501412	-1.27
15511428	-1.22
15521445	-1.15
15531462	-1.08
15541478	-1.01
15551494	-0.92
15561511	-0.83
15571527	-0.73
15581543	-0.63
15591559	-0.52
15601575	-0.41
15611591	-0.29
15621607	-0.18
15631623	-0.06
15641638	0.06
15651653	0.17
15661669	0.29
15671685	0.41
15681701	0.52
15691717	0.62
15701732	0.72
15711748	0.81
15721764	0.90
15731779	0.98
15741795	1.06
15751813	1.13
15761829	1.19
15771845	1.24
15781861	1.28
15791877	1.32
15801893	1.35
15811910	1.37
15821927	1.38
15831944	1.38
15841961	1.38
15851977	1.37
15862002	1.34
15872018	1.31
15882035	1.28
15892052	1.23
15902068	1.18
15912084	1.12
15922101	1.05
15932117	0.97
15942133	0.89
15952149	0.80
15962164	0.70
15972179	0.60
15982194	0.50
15992209	0.39
16002224	0.28
16012240	0.16
16022256	0.05
16032272	-0.06
16042287	-0.18
16052303	-0.29
16062319	-0.40
16072334	-0.50
16082350	-0.61
16092366	-0.71
16102383	-0.80
16112399	-0.88
16122414	-0.96
16132430	-1.03
16142446	-1.10
16152463	-1.15
16162480	-1.21
16172497	-1.25
16182513	-1.28
16192530	-1.31
16202547	-1.33
16212563	-1.34
16222580	-1.34
16232596	-1.34
16242613	-1.32
16252629	-1.30
16262645	-1.27
16272662	-1.23
16282678	-1.19
16292694	-1.13
16302710	-1.07
16312728	-1.01
16322744	-0.93
16332760	-0.85
16342776	-0.76
16352793	-0.67
16362808	-0.57
16372824	-0.46
16382840	-0.36
16392855	-0.25
16402871	-0.14
16412887	-0.03
16422903	0.08
16432918	0.19
16442934	0.31
16452949	0.41
16462965	0.52
16472981	0.62
16483006	0.72
16493022	0.80
16503037	0.88
16513053	0.96
16523069	1.03
16533085	1.09
16543101	1.14
16553118	1.19
16563135	1.23
16573152	1.26
16583170	1.28
16593186	1.29
16603202	1.30
16613218	1.30
16623235	1.29
16633251	1.27
16643267	1.24
16653283	1.21
16663299	1.17
16673315	1.12
16683332	1.06
16693348	1.00
16703363	0.92
16713379	0.85
16723395	0.76
16733411	0.68
16743427	0.58
16753443	0.49
16763459	0.38
16773475	0.28
16783491	0.17
16793506	0.06
16803521	-0.05
16813536	-0.16
16823552	-0.26
16833568	-0.37
16843584	-0.47
16853600	-0.56
16863616	-0.66
16873632	-0.74
16883649	-0.83
16893665	-0.90
16903681	-0.97
16913697	-1.03
16923714	-1.09
16933730	-1.13
16943747	-1.18
16953763	-1.21
16963780	-1.23
16973796	-1.25
16983812	-1.26
16993828	-1.26
17003844	-1.25
17013860	-1.24
17023877	-1.21
17033894	-1.18
17043911	-1.15
17053927	-1.10
17063943	-1.05
17073960	-0.99
17083975	-0.92
17094001	-0.84
17104017	-0.76
17114033	-0.67
17124049	-0.58
17134065	-0.48
17144081	-0.38
17154097	-0.28
17164113	-0.17
17174130	-0.07
17184145	0.04
17194160	0.14
17204176	0.25
17214193	0.35
17224209	0.45
17234225	0.55
17244241	0.64
17254257	0.72
17264273	0.80
17274288	0.88
17284304	0.95
17294320	1.01
17304336	1.06
17314352	1.11
17324369	1.15
17334385	1.18
17344401	1.20
17354416	1.22
17364432	1.23
17374449	1.23
17384465	1.22
17394482	1.21
17404498	1.18
17414514	1.15
17424530	1.12
17434547	1.07
17444563	1.01
17454578	0.95
17464593	0.89
17474609	0.81
17484624	0.74
17494640	0.65
17504656	0.56
17514672	0.47
17524688	0.37
17534704	0.27
17544720	0.17
17554736	0.06
17564751	-0.04
17574766	-0.14
17584782	-0.24
17594798	-0.34
17604814	-0.44
17614830	-0.53
17624846	-0.62
17634862	-0.70
17644877	-0.78
17654893	-0.86
17664909	-0.92
17674925	-0.98
17684941	-1.03
17694956	-1.08
17704971	-1.11
17714996	-1.15
17725013	-1.17
17735029	-1.19
17745045	-1.19
17755061	-1.19
17765077	-1.19
17775093	-1.17
17785109	-1.14
17795125	-1.11
17805142	-1.07
17815159	-1.03
17825175	-0.97
17835191	-0.91
17845207	-0.85
17855223	-0.77
17865239	-0.70
17875255	-0.61
17885271	-0.52
17895287	-0.43
17905304	-0.33
17915320	-0.23
17925336	-0.13
17935352	-0.03
17945368	0.07
17955383	0.17
17965400	0.27
17975416	0.37
17985431	0.46
17995448	0.55
18005464	0.64
18015480	0.72
18025496	0.79
18035512	0.86
18045528	0.92
18055544	0.98
18065559	1.03
18075575	1.07
18085591	1.10
18095607	1.13
18105623	1.15
18115640	1.16
18125656	1.16
18135672	1.16
18145688	1.15
18155704	1.13
18165720	1.10
18175735	1.07
18185750	1.03
18195766	0.98
18205782	0.92
18215798	0.86
18225814	0.79
18235829	0.72
18245845	0.64
18255861	0.56
18265876	0.47
18275892	0.38
18285908	0.28
18295923	0.18
18305940	0.09
18315955	-0.01
18325970	-0.11
18335986	-0.22
18346011	-0.31
18356027	-0.40
18366042	-0.49
18376058	-0.58
18386074	-0.66
18396090	-0.74
18406106	-0.80
18416122	-0.87
18426138	-0.92
18436154	-0.98
18446170	-1.02
18456186	-1.06
18466202	-1.08
18476218	-1.11
18486235	-1.12
18496252	-1.13
18506268	-1.13
18516285	-1.12
18526302	-1.11
18536319	-1.08
18546336	-1.05
18556352	-1.01
18566368	-0.97
18576384	-0.92
18586400	-0.86
18596416	-0.80
18606432	-0.73
18616448	-0.65
18626464	-0.57
18636480	-0.49
18646496	-0.40
18656512	-0.30
18666527	-0.21
18676543	-0.11
18686559	-0.02
18696574	0.08
18706589	0.18
18716605	0.27
18726621	0.36
18736638	0.45
18746654	0.54
18756670	0.62
18766686	0.69
18776701	0.76
18786717	0.83
18796733	0.88
18806749	0.94
18816765	0.98
18826782	1.02
18836798	1.05
18846814	1.07
18856829	1.09
18866845	1.10
18876861	1.10
18886877	1.10
18896893	1.08
18906909	1.06
18916925	1.03
18926940	1.00
18936955	0.95
18946971	0.91
18956987	0.85
18967011	0.78
18977027	0.72
18987043	0.64
18997059	0.57
19007074	0.48
19017090	0.40
19027105	0.31
19037121	0.22
19047137	0.12
19057153	0.03
19067168	-0.07
19077184	-0.16
19087200	-0.25
19097216	-0.34
19107232	-0.43
19117248	-0.51
19127264	-0.59
19137280	-0.67
19147296	-0.73
19157312	-0.80
19167327	-0.85
19177343	-0.91
19187359	-0.95
19197374	-0.99
19207390	-1.02
19217406	-1.04
19227422	-1.06
19237438	-1.07
19247454	-1.07
19257469	-1.07
19267485	-1.05
19277501	-1.03
19287517	-1.01
19297533	-0.97
19307549	-0.93
19317565	-0.89
19327581	-0.83
19337597	-0.77
19347613	-0.71
19357629	-0.64
19367645	-0.56
19377660	-0.48
19387676	-0.40
19397692	-0.31
19407708	-0.22
19417724	-0.13
19427740	-0.04
19437755	0.06
19447770	0.15
19457786	0.24
19467802	0.33
19477818	0.41
19487833	0.49
19497849	0.57
19507865	0.65
19517881	0.71
19527896	0.78
19537912	0.83
19547928	0.88
19557944	0.93
19567960	0.96
19577976	0.99
19588000	1.02
19598016	1.04
19608032	1.04
19618048	1.04
19628064	1.04
19638080	1.03
19648096	1.01
19658112	0.98
19668128	0.94
19678144	0.90
19688159	0.86
19698176	0.80
19708191	0.74
19718207	0.68
19728223	0.61
19738239	0.53
19748255	0.46
19758270	0.37
19768286	0.29
19778302	0.20
19788317	0.11
19798332	0.02
19808347	-0.07
19818362	-0.16
19828378	-0.25
19838394	-0.33
19848410	-0.41
19858426	-0.49
19868443	-0.57
19878459	-0.64
19888475	-0.71
19898491	-0.77
19908507	-0.82
19918523	-0.87
19928539	-0.91
19938555	-0.95
19948570	-0.97
19958587	-0.99
19968602	-1.01
19978619	-1.02
19988635	-1.02
19998651	-1.01
20008667	-1.00
20018682	-0.98
20028698	-0.95
20038714	-0.91
20048730	-0.87
20058746	-0.83
20068762	-0.77
20078778	-0.71
20088794	-0.65
20098812	-0.58
20108828	-0.50
20118843	-0.43
20128859	-0.35
20138874	-0.26
20148891	-0.17
20158907	-0.09
20168922	-0.00
20178937	0.09
20188952	0.17
20198968	0.26
20208985	0.35
20219010	0.43
20229026	0.51
20239042	0.58
20249058	0.65
20259074	0.71
20269090	0.77
20279107	0.82
20289122	0.86
20299138	0.90
20309153	0.93
20319168	0.95
20329184	0.97
20339199	0.98
20349215	0.99
20359231	0.99
20369246	0.98
20379261	0.96
20389277	0.94
20399294	0.91
20409310	0.87
20419325	0.83
20429341	0.78
20439357	0.72
20449373	0.66
20459389	0.60
20469404	0.53
20479420	0.46
20489436	0.38
20499453	0.30
20509469	0.21
20519484	0.13
20529500	0.04
20539515	-0.04
20549530	-0.13
20559546	-0.21
20569562	-0.29
20579578	-0.37
20589594	-0.45
20599610	-0.52
20609625	-0.59
20619641	-0.65
20629658	-0.71
20639675	-0.76
20649691	-0.81
20659707	-0.85
20669723	-0.89
20679739	-0.92
20689755	-0.94
20699772	-0.95
20709787	-0.96
20719803	-0.96
20729819	-0.96
20739835	-0.95
20749851	-0.93
20759867	-0.90
20769882	-0.87
20779898	-0.83
20789914	-0.79
20799931	-0.74
20809947	-0.68
20819963	-0.62
20829979	-0.55
20840003	-0.48
20850019	-0.40
20860034	-0.32
20870050	-0.24
20880066	-0.16
20890082	-0.08
20900097	0.00
20910112	0.09
20920127	0.17
20930143	0.25
20940159	0.33
20950175	0.41
20960191	0.48
20970207	0.55
20980223	0.61
20990239	0.67
21000254	0.72
21010270	0.77
21020285	0.81
21030301	0.85
21040317	0.88
21050333	0.91
21060349	0.92
21070365	0.93
21080381	0.94
21090397	0.94
21100412	0.93
21110428	0.91
21120444	0.89
21130460	0.86
21140476	0.82
21150492	0.78
21160508	0.74
21170524	0.68
21180540	0.63
21190555	0.56
21200571	0.50
21210586	0.43
21220603	0.35
21230619	0.27
21240634	0.19
21250649	0.11
21260666	0.03
21270681	-0.05
21280696	-0.13
21290712	-0.21
21300728	-0.29
21310744	-0.36
21320760	-0.43
21330777	-0.50
21340792	-0.57
21350808	-0.63
21360824	-0.68
21370840	-0.73
21380856	-0.78
21390872	-0.82
21400888	-0.85
21410904	-0.87
21420921	-0.89
21430937	-0.91
21440953	-0.91
21450969	-0.91
21460985	-0.91
21471010	-0.89
21481026	-0.87
21491042	-0.85
21501058	-0.81
21511074	-0.77
21521091	-0.73
21531107	-0.68
21541124	-0.63
21551140	-0.56
21561156	-0.50
21571171	-0.43
21581187	-0.36
21591202	-0.28
21601218	-0.21
21611234	-0.13
21621250	-0.05
21631265	0.03
21641280	0.11
21651295	0.19
21661310	0.26
21671326	0.34
21681342	0.41
21691359	0.48
21701374	0.54
21711390	0.60
21721405	0.66
21731421	0.70
21741436	0.75
21751452	0.79
21761467	0.82
21771482	0.84
21781498	0.86
21791514	0.88
21801530	0.88
21811546	0.89
21821562	0.88
21831578	0.87
21841594	0.85
21851610	0.82
21861626	0.79
21871642	0.76
21881657	0.72
21891673	0.67
21901689	0.62
21911705	0.56
21921721	0.50
21931736	0.43
21941753	0.36
21951769	0.29
21961785	0.21
21971801	0.14
21981817	0.06
21991832	-0.02
22001847	-0.09
22011862	-0.17
22021878	-0.24
22031895	-0.31
22041911	-0.38
22051926	-0.45
22061942	-0.51
22071958	-0.57
22081974	-0.63
22091998	-0.68
22102014	-0.72
22112030	-0.76
22122046	-0.79
22132062	-0.82
22142078	-0.84
22152094	-0.85
22162110	-0.86
22172126	-0.86
22182141	-0.86
22192157	-0.85
22202173	-0.83
22212189	-0.81
22222204	-0.78
22232220	-0.74
22242236	-0.70
22252251	-0.65
22262267	-0.60
22272282	-0.54
22282298	-0.48
22292314	-0.42
22302330	-0.35
22312346	-0.28
22322362	-0.21
22332378	-0.14
22342394	-0.06
22352409	0.01
22362424	0.09
22372439	0.16
22382455	0.24
22392471	0.31
22402486	0.38
22412502	0.44
22422518	0.50
22432534	0.56
22442550	0.61
22452567	0.66
22462583	0.70
22472598	0.74
22482614	0.77
22492630	0.80
22502645	0.82
22512661	0.83
22522677	0.84
22532693	0.84
22542709	0.84
22552725	0.82
22562741	0.81
22572757	0.78
22582773	0.75
22592789	0.72
22602805	0.68
22612821	0.63
22622837	0.59
22632853	0.53
22642869	0.47
22652885	0.41
22662901	0.34
22672917	0.28
22682933	0.20
22692948	0.13
22702965	0.06
22712980	-0.01
22723005	-0.09
22733020	-0.17
22743036	-0.24
22753051	-0.30
22763066	-0.37
22773082	-0.43
22783098	-0.49
22793115	-0.55
22803131	-0.60
22813146	-0.65
22823162	-0.69
22833178	-0.73
22843194	-0.76
22853210	-0.78
22863225	-0.80
22873241	-0.81
22883257	-0.82
22893273	-0.82
22903289	-0.82
22913304	-0.80
22923318	-0.79
22933334	-0.76
22943350	-0.73
22953366	-0.70
22963382	-0.66
22973398	-0.61
22983413	-0.56
22993428	-0.51
23003444	-0.45
23013460	-0.39
23023476	-0.32
23033492	-0.26
23043508	-0.19
23053525	-0.12
23063541	-0.05
23073556	0.02
23083571	0.10
23093587	0.17
23103602	0.24
23113618	0.30
23123634	0.37
23133650	0.43
23143666	0.49
23153681	0.54
23163697	0.59
23173713	0.64
23183729	0.68
23193745	0.71
23203760	0.74
23213776	0.76
23223792	0.78
23233808	0.79
23243823	0.80
23253838	0.80
23263853	0.79
23273869	0.78
23283884	0.76
23293900	0.74
23303916	0.71
23313932	0.68
23323948	0.64
23333964	0.59
23343980	0.54
23354004	0.49
23364020	0.43
23374036	0.37
23384052	0.30
23394068	0.24
23404084	0.17
23414100	0.10
23424115	0.03
23434130	-0.04
23444145	-0.11
23454161	-0.18
23464177	-0.24
23474194	-0.31
23484210	-0.37
23494226	-0.43
23504241	-0.49
23514257	-0.54
23524273	-0.59
23534289	-0.63
23544305	-0.67
23554321	-0.70
23564336	-0.73
23574351	-0.75
23584367	-0.76
23594383	-0.78
23604399	-0.78
23614415	-0.78
23624431	-0.77
23634447	-0.76
23644463	-0.74
23654479	-0.71
23664494	-0.68
23674509	-0.65
23684525	-0.61
23694541	-0.56
23704557	-0.51
23714573	-0.46
23724589	-0.40
23734604	-0.34
23744620	-0.28
23754637	-0.22
23764653	-0.15
23774669	-0.08
23784684	-0.01
23794699	0.05
23804714	0.12
23814730	0.19
23824745	0.26
23834760	0.32
23844776	0.38
23854792	0.44
23864808	0.49
23874824	0.54
23884840	0.58
23894856	0.62
23904872	0.66
23914888	0.69
23924904	0.71
23934920	0.73
23944935	0.75
23954951	0.76
23964967	0.76
23974983	0.76
23985008	0.75
23995024	0.73
24005040	0.71
24015056	0.69
24025072	0.66
24035088	0.62
24045104	0.58
24055120	0.53
24065136	0.48
24075152	0.43
24085168	0.37
24095184	0.32
24105199	0.25
24115215	0.19
24125230	0.12
24135246	0.05
24145261	-0.01
24155276	-0.08
24165291	-0.14
24175307	-0.21
24185323	-0.27
24195339	-0.33
24205355	-0.39
24215371	-0.44
24225387	-0.49
24235403	-0.54
24245419	-0.58
24255435	-0.62
24265451	-0.65
24275467	-0.68
24285483	-0.70
24295498	-0.72
24305514	-0.73
24315530	-0.74
24325546	-0.74
24335562	-0.74
24345578	-0.72
24355594	-0.71
24365610	-0.69
24375625	-0.66
24385641	-0.63
24395657	-0.59
24405673	-0.55
24415689	-0.50
24425704	-0.45
24435719	-0.40
24445734	-0.34
24455750	-0.28
24465766	-0.22
24475782	-0.16
24485799	-0.10
24495814	-0.03
24505829	0.03
24515845	0.10
24525860	0.16
24535876	0.23
24545892	0.29
24555908	0.34
24565924	0.40
24575940	0.45
24585956	0.50
24595971	0.54
24605997	0.59
24616013	0.62
24626028	0.65
24636044	0.67
24646061	0.69
24656076	0.71
24666091	0.72
24676107	0.72
24686123	0.72
24696139	0.71
24706154	0.70
24716169	0.68
24726185	0.66
24736201	0.63
24746217	0.60
24756232	0.56
24766248	0.51
24776264	0.47
24786280	0.42
24796295	0.36
24806311	0.31
24816327	0.25
24826343	0.19
24836359	0.12
24846375	0.06
24856391	-0.00
24866406	-0.07
24876421	-0.13
24886437	-0.19
24896452	-0.25
24906468	-0.30
24916484	-0.36
24926500	-0.41
24936516	-0.46
24946531	-0.51
24956547	-0.55
24966563	-0.59
24976579	-0.62
24986596	-0.64
24996611	-0.67
25006627	-0.68
25016644	-0.69
25026660	-0.70
25036675	-0.70
25046690	-0.70
25056705	-0.69
25066721	-0.67
25076737	-0.65
25086753	-0.63
25096768	-0.60
25106783	-0.56
25116799	-0.52
25126815	-0.48
25136831	-0.43
25146847	-0.38
25156863	-0.33
25166879	-0.27
25176895	-0.21
25186911	-0.15
25196927	-0.09
25206943	-0.03
25216958	0.03
25226974	0.09
25236998	0.16
25247015	0.22
25257031	0.28
25267047	0.33
25277063	0.39
25287079	0.43
25297094	0.48
25307110	0.52
25317126	0.56
25327142	0.59
25337158	0.62
25347174	0.64
25357190	0.66
25367206	0.67
25377221	0.68
25387237	0.68
25397252	0.68
25407268	0.67
25417284	0.66
25427300	0.64
25437316	0.62
25447332	0.59
25457347	0.56
25467362	0.53
25477378	0.49
25487394	0.44
25497409	0.39
25507425	0.34
25517441	0.29
25527457	0.23
25537473	0.17
25547488	0.11
25557504	0.05
25567520	-0.01
25577535	-0.07
25587551	-0.13
25597567	-0.18
25607583	-0.24
25617599	-0.30
25627615	-0.35
25637631	-0.40
25647646	-0.44
25657662	-0.49
25667678	-0.52
25677694	-0.56
25687710	-0.59
25697726	-0.61
25707742	-0.63
25717758	-0.65
25727773	-0.66
25737789	-0.66
25747805	-0.66
25757821	-0.66
25767837	-0.65
25777853	-0.64
25787868	-0.61
25797884	-0.59
25807900	-0.56
25817916	-0.52
25827932	-0.49
25837948	-0.44
25847964	-0.40
25857979	-0.35
25868004	-0.29
25878020	-0.24
25888036	-0.18
25898052	-0.13
25908068	-0.07
25918084	-0.01
25928099	0.05
25938114	0.11
25948130	0.16
25958147	0.22
25968163	0.28
25978178	0.33
25988194	0.38
25998210	0.42
26008226	0.46
26018242	0.50
26028258	0.54
26038274	0.57
26048290	0.59
26058307	0.61
26068322	0.63
26078338	0.64
26088354	0.65
26098370	0.65
26108386	0.65
26118402	0.64
26128418	0.62
26138435	0.61
26148451	0.58
26158468	0.56
26168484	0.52
26178500	0.49
26188516	0.45
26198533	0.40
26208548	0.36
26218564	0.31
26228580	0.26
26238596	0.20
26248612	0.14
26258628	0.09
26268644	0.03
26278659	-0.03
26288675	-0.08
26298690	-0.14
26308706	-0.19
26318721	-0.25
26328737	-0.30
26338753	-0.35
26348769	-0.39
26358785	-0.44
26368801	-0.47
26378818	-0.51
26388834	-0.54
26398850	-0.57
26408866	-0.59
26418882	-0.61
26428898	-0.62
26438914	-0.63
26448930	-0.63
26458946	-0.63
26468962	-0.62
26478978	-0.61
26489002	-0.59
26499018	-0.57
26509034	-0.54
26519051	-0.51
26529067	-0.48
26539083	-0.44
26549099	-0.40
26559114	-0.35
26569131	-0.31
26579147	-0.26
26589163	-0.20
26599178	-0.15
26609194	-0.10
26619210	-0.04
26629225	0.02
26639240	0.07
26649255	0.12
26659271	0.18
26669286	0.23
26679302	0.28
26689317	0.33
26699333	0.38
26709348	0.42
26719364	0.46
26729380	0.49
26739396	0.52
26749412	0.55
26759428	0.57
26769444	0.59
26779460	0.60
26789475	0.61
26799490	0.62
26809506	0.62
26819522	0.61
26829538	0.60
26839553	0.58
26849569	0.56
26859585	0.54
26869601	0.51
26879617	0.48
26889633	0.44
26899648	0.40
26909663	0.36
26919679	0.31
26929695	0.27
26939711	0.21
26949727	0.16
26959743	0.11
26969759	0.05
26979774	-0.00
26989788	-0.06
26999803	-0.11
27009819	-0.16
27019834	-0.21
27029849	-0.26
27039864	-0.31
27049880	-0.35
27059896	-0.39
27069912	-0.43
27079928	-0.47
27089944	-0.50
27099959	-0.53
27109975	-0.55
27119999	-0.57
27130015	-0.58
27140031	-0.59
27150047	-0.60
27160062	-0.60
27170077	-0.59
27180093	-0.58
27190109	-0.57
27200124	-0.55
27210139	-0.52
27220155	-0.50
27230170	-0.47
27240186	-0.43
27250202	-0.39
27260217	-0.35
27270233	-0.31
27280249	-0.26
27290265	-0.21
27300281	-0.16
27310297	-0.11
27320313	-0.06
27330328	-0.01
27340343	0.05
27350358	0.10
27360373	0.15
27370389	0.20
27380404	0.25
27390420	0.30
27400436	0.34
27410452	0.38
27420467	0.42
27430483	0.46
27440500	0.49
27450516	0.51
27460532	0.54
27470547	0.55
27480563	0.57
27490579	0.58
27500595	0.58
27510611	0.58
27520627	0.58
27530644	0.57
27540660	0.56
27550676	0.54
27560692	0.52
27570708	0.49
27580724	0.47
27590739	0.43
27600756	0.40
27610772	0.36
27620788	0.31
27630804	0.27
27640820	0.22
27650836	0.17
27660852	0.12
27670868	0.07
27680883	0.01
27690898	-0.04
27700914	-0.09
27710929	-0.14
27720945	-0.18
27730961	-0.23
27740977	-0.28
27751002	-0.33
27761018	-0.37
27771034	-0.40
27781049	-0.44
27791065	-0.47
27801081	-0.49
27811097	-0.52
27821112	-0.54
27831128	-0.55
27841144	-0.56
27851160	-0.57
27861176	-0.57
27871192	-0.56
27881208	-0.56
27891224	-0.54
27901240	-0.53
27911255	-0.51
27921271	-0.48
27931287	-0.45
27941303	-0.42
27951319	-0.38
27961335	-0.34
27971351	-0.30
27981367	-0.26
27991382	-0.21
28001398	-0.17
28011414	-0.12
28021432	-0.07
28031448	-0.02
28041463	0.03
28051478	0.08
28061493	0.13
28071509	0.18
28081525	0.23
28091540	0.27
28101556	0.32
28111572	0.35
28121588	0.39
28131604	0.42
28141620	0.45
28151636	0.48
28161653	0.50
28171669	0.52
28181684	0.54
28191699	0.55
28201715	0.55
28211730	0.55
28221746	0.55
28231762	0.54
28241778	0.53
28251794	0.52
28261810	0.50
28271825	0.47
28281840	0.45
28291856	0.41
28301872	0.38
28311888	0.34
28321904	0.30
28331919	0.26
28341935	0.22
28351951	0.17
28361967	0.12
28371983	0.07
28382007	0.02
28392022	-0.03
28402037	-0.08
28412052	-0.13
28422068	-0.17
28432083	-0.22
28442099	-0.26
28452115	-0.30
28462131	-0.34
28472147	-0.38
28482163	-0.41
28492179	-0.44
28502194	-0.46
28512210	-0.49
28522226	-0.50
28532242	-0.52
28542258	-0.53
28552274	-0.53
28562290	-0.53
28572305	-0.53
28582321	-0.52
28592337	-0.51
28602353	-0.50
28612368	-0.48
28622384	-0.45
28632400	-0.43
28642416	-0.40
28652432	-0.36
28662448	-0.33
28672464	-0.29
28682480	-0.25
28692496	-0.20
28702511	-0.16
28712527	-0.11
28722543	-0.07
28732558	-0.02
28742573	0.03
28752588	0.07
28762603	0.12
28772619	0.17
28782635	0.21
28792651	0.25
28802667	0.29
28812683	0.33
28822699	0.37
28832716	0.40
28842731	0.43
28852746	0.45
28862763	0.47
28872779	0.49
28882795	0.51
28892811	0.51
28902827	0.52
28912842	0.52
28922858	0.52
28932874	0.51
28942890	0.50
28952905	0.49
28962921	0.47
28972937	0.45
28982953	0.42
28992969	0.39
29002985	0.35
29013010	0.32
29023026	0.28
29033042	0.24
29043058	0.20
29053073	0.15
29063088	0.11
29073104	0.06
29083120	0.02
29093135	-0.03
29103151	-0.07
29113168	-0.12
29123184	-0.16
29133200	-0.21
29143216	-0.25
29153232	-0.28
29163248	-0.32
29173264	-0.36
29183280	-0.38
29193296	-0.41
29203312	-0.44
29213328	-0.46
29223344	-0.48
29233360	-0.49
29243376	-0.50
29253391	-0.50
29263407	-0.50
29273423	-0.50
29283438	-0.49
29293454	-0.48
29303469	-0.47
29313485	-0.45
29323501	-0.43
29333517	-0.40
29343532	-0.37
29353548	-0.34
29363564	-0.31
29373579	-0.27
29383595	-0.23
29393611	-0.19
29403627	-0.15
29413643	-0.11
29423659	-0.06
29433675	-0.02
29443691	0.03
29453707	0.07
29463722	0.12
29473738	0.16
29483754	0.20
29493770	0.24
29503786	0.28
29513802	0.32
29523818	0.35
29533834	0.38
29543850	0.40
29553865	0.43
29563881	0.45
29573897	0.46
29583913	0.48
29593929	0.49
29603945	0.49
29613961	0.49
29623976	0.49
29634001	0.48
29644017	0.47
29654033	0.46
29664049	0.44
29674065	0.42
29684081	0.39
29694096	0.36
29704112	0.33
29714128	0.30
29724143	0.26
29734159	0.22
29744174	0.18
29754190	0.14
29764206	0.10
29774221	0.05
29784236	0.01
29794251	-0.03
29804266	-0.08
29814281	-0.12
29824296	-0.16
29834312	-0.20
29844327	-0.24
29854343	-0.27
29864359	-0.31
29874374	-0.34
29884390	-0.37
29894406	-0.39
29904422	-0.41
29914438	-0.43
29924453	-0.45
29934469	-0.46
29944485	-0.47
29954501	-0.47
29964517	-0.47
29974533	-0.47
29984549	-0.46
29994565	-0.45
30004581	-0.44
30014597	-0.42
30024613	-0.40
30034629	-0.37
30044645	-0.34
30054661	-0.31
30064677	-0.28
30074693	-0.25
30084709	-0.21
30094725	-0.17
30104742	-0.13
30114758	-0.09
30124773	-0.05
30134788	-0.01
30144804	0.03
30154819	0.08
30164834	0.12
30174850	0.16
30184865	0.20
30194880	0.23
30204895	0.27
30214911	0.30
30224926	0.33
30234942	0.36
30244958	0.38
30254974	0.40
30264998	0.42
30275014	0.44
30285030	0.45
30295046	0.46
30305061	0.46
30315077	0.46
30325092	0.46
30335108	0.45
30345123	0.44
30355139	0.42
30365155	0.40
30375170	0.38
30385186	0.36
30395201	0.33
30405218	0.30
30415233	0.27
30425250	0.23
30435265	0.20
30445280	0.16
30455296	0.12
30465312	0.08
30475327	0.04
30485342	-0.00
30495357	-0.04
30505372	-0.08
30515387	-0.12
30525403	-0.16
30535419	-0.20
30545435	-0.23
30555451	-0.26
30565467	-0.29
30575483	-0.32
30585499	-0.35
30595515	-0.37
30605531	-0.39
30615547	-0.41
30625563	-0.42
30635579	-0.43
30645594	-0.44
30655610	-0.44
30665626	-0.44
30675642	-0.44
30685657	-0.43
30695673	-0.42
30705689	-0.40
30715704	-0.38
30725719	-0.36
30735735	-0.34
30745751	-0.31
30755767	-0.28
30765783	-0.25
30775799	-0.22
30785816	-0.18
30795832	-0.15
30805848	-0.11
30815864	-0.07
30825879	-0.03
30835895	0.01
30845910	0.05
30855926	0.09
30865941	0.12
30875957	0.16
30885973	0.20
30895996	0.23
30906012	0.27
30916028	0.30
30926043	0.32
30936058	0.35
30946074	0.37
30956090	0.39
30966106	0.40
30976121	0.41
30986136	0.42
30996151	0.43
31006167	0.43
31016183	0.43
31026198	0.42
31036214	0.41
31046230	0.40
31056245	0.39
31066262	0.37
31076278	0.35
31086294	0.32
31096310	0.30
31106325	0.27
31116340	0.24
31126356	0.20
31136371	0.17
31146386	0.13
31156402	0.10
31166417	0.06
31176433	0.02
31186448	-0.02
31196463	-0.05
31206478	-0.09
31216494	-0.13
31226510	-0.16
31236526	-0.20
31246541	-0.23
31256557	-0.26
31266574	-0.29
31276589	-0.31
31286605	-0.33
31296621	-0.35
31306637	-0.37
31316653	-0.38
31326669	-0.40
31336684	-0.40
31346699	-0.41
31356715	-0.41
31366731	-0.41
31376747	-0.40
31386762	-0.39
31396777	-0.38
31406793	-0.37
31416809	-0.35
31426824	-0.33
31436840	-0.30
31446856	-0.28
31456872	-0.25
31466888	-0.22
31476904	-0.19
31486919	-0.15
31496935	-0.12
31506951	-0.09
31516966	-0.05
31526981	-0.01
31537006	0.03
31547021	0.07
31557036	0.10
31567051	0.14
31577067	0.17
31587083	0.20
31597098	0.24
31607114	0.26
31617129	0.29
31627145	0.32
31637161	0.34
31647177	0.36
31657193	0.37
31667208	0.39
31677224	0.39
31687240	0.40
31697255	0.40
31707270	0.41
31717286	0.40
31727301	0.40
31737316	0.39
31747332	0.37
31757348	0.36
31767363	0.34
31777379	0.32
31787395	0.29
31797411	0.27
31807427	0.24
31817443	0.21
31827459	0.17
31837475	0.14
31847491	0.11
31857507	0.07
31867522	0.04
31877537	0.00
31887552	-0.03
31897567	-0.07
31907582	-0.11
31917598	-0.14
31927614	-0.17
31937629	-0.20
31947645	-0.23
31957661	-0.26
31967677	-0.28
31977693	-0.31
31987709	-0.33
31997725	-0.34
32007742	-0.36
32017758	-0.37
32027774	-0.38
32037790	-0.38
32047806	-0.39
32057822	-0.39
32067838	-0.38
32077854	-0.38
32087870	-0.37
32097887	-0.35
32107903	-0.34
32117919	-0.32
32127935	-0.30
32137950	-0.27
32147966	-0.25
32157982	-0.22
32168007	-0.19
32178023	-0.16
32188039	-0.13
32198055	-0.09
32208070	-0.06
32218085	-0.02
32228101	0.01
32238116	0.05
32248131	0.08
32258146	0.11
32268162	0.15
32278178	0.18
32288193	0.21
32298209	0.24
32308225	0.26
32318241	0.29
32328256	0.31
32338272	0.33
32348287	0.34
32358303	0.36
32368319	0.37
32378336	0.38
32388352	0.38
32398368	0.38
32408384	0.38
32418400	0.38
32428416	0.37
32438432	0.36
32448448	0.34
32458464	0.33
32468480	0.31
32478496	0.29
32488512	0.26
32498528	0.24
32508544	0.21
32518560	0.18
32528576	0.15
32538592	0.11
32548607	0.08
32558622	0.05
32568637	0.01
32578652	-0.02
32588668	-0.05
32598683	-0.09
32608698	-0.12
32618714	-0.15
32628730	-0.18
32638746	-0.21
32648762	-0.23
32658778	-0.26
32668794	-0.28
32678810	-0.30
32688825	-0.32
32698841	-0.33
32708857	-0.34
32718872	-0.36
32728888	-0.36
32738904	-0.36
32748920	-0.36
32758936	-0.36
32768952	-0.36
32778968	-0.35
32788985	-0.34
32799009	-0.32
32809025	-0.31
32819040	-0.29
32829055	-0.26
32839071	-0.24
32849087	-0.21
32859103	-0.19
32869119	-0.16
32879134	-0.13
32889150	-0.10
32899166	-0.07
32909181	-0.03
32919196	-0.00
32929210	0.03
32939225	0.06
32949240	0.10
32959255	0.13
32969271	0.16
32979287	0.19
32989303	0.21
32999318	0.24
33009334	0.26
33019351	0.28
33029367	0.30
33039382	0.32
33049398	0.33
33059414	0.34
33069431	0.35
33079446	0.36
33089462	0.36
33099478	0.36
33109494	0.36
33119510	0.35
33129526	0.34
33139542	0.33
33149558	0.31
33159574	0.29
33169590	0.28
33179606	0.25
33189622	0.23
33199638	0.20
33209653	0.17
33219669	0.14
33229685	0.11
33239701	0.09
33249716	0.05
33259731	0.02
33269747	-0.01
33279762	-0.04
33289778	-0.07
33299794	-0.10
33309810	-0.13
33319826	-0.16
33329842	-0.19
33339858	-0.21
33349874	-0.24
33359890	-0.26
33369906	-0.28
33379922	-0.29
33389938	-0.31
33399954	-0.32
33409969	-0.33
33419985	-0.34
33430010	-0.34
33440026	-0.34
33450042	-0.34
33460057	-0.33
33470073	-0.33
33480089	-0.32
33490104	-0.30
33500119	-0.29
33510135	-0.27
33520151	-0.25
33530167	-0.23
33540183	-0.21
33550199	-0.18
33560215	-0.15
33570231	-0.13
33580247	-0.10
33590262	-0.07
33600277	-0.04
33610293	-0.01
33620308	0.02
33630323	0.05
33640339	0.08
33650355	0.11
33660371	0.14
33670387	0.17
33680402	0.19
33690418	0.22
33700434	0.24
33710450	0.26
33720466	0.28
33730482	0.30
33740497	0.31
33750513	0.32
33760529	0.33
33770544	0.33
33780560	0.33
33790576	0.34
33800592	0.33
33810607	0.33
33820622	0.32
33830638	0.31
33840654	0.30
33850670	0.28
33860686	0.26
33870702	0.24
33880717	0.22
33890733	0.20
33900748	0.17
33910764	0.14
33920780	0.11
33930796	0.09
33940812	0.06
33950828	0.03
33960844	-0.00
33970859	-0.03
33980874	-0.06
33990889	-0.09
34000905	-0.12
34010921	-0.14
34020937	-0.17
34030953	-0.19
34040969	-0.22
34050985	-0.24
34061010	-0.26
34071027	-0.27
34081043	-0.29
34091059	-0.30
34101074	-0.31
34111090	-0.31
34121106	-0.32
34131122	-0.32
34141138	-0.32
34151154	-0.31
34161170	-0.31
34171186	-0.30
34181201	-0.29
34191217	-0.27
34201233	-0.26
34211249	-0.24
34221265	-0.22
34231281	-0.20
34241296	-0.17
34251312	-0.15
34261328	-0.12
34271344	-0.10
34281359	-0.07
34291375	-0.04
34301390	-0.01
34311405	0.02
34321420	0.04
34331435	0.07
34341450	0.10
34351465	0.13
34361482	0.15
34371498	0.18
34381514	0.20
34391529	0.22
34401545	0.24
34411561	0.26
34421577	0.27
34431592	0.29
34441608	0.30
34451623	0.31
34461639	0.31
34471655	0.31
34481671	0.31
34491687	0.31
34501702	0.31
34511718	0.30
34521733	0.29
34531749	0.28
34541765	0.27
34551780	0.25
34561796	0.23
34571812	0.21
34581827	0.19
34591842	0.16
34601857	0.14
34611873	0.11
34621889	0.09
34631904	0.06
34641919	0.03
34651935	0.00
34661949	-0.03
34671965	-0.05
34681981	-0.08
34692005	-0.11
34702021	-0.13
34712038	-0.16
34722054	-0.18
34732070	-0.20
34742085	-0.22
34752101	-0.24
34762117	-0.26
34772133	-0.27
34782149	-0.28
34792165	-0.29
34802181	-0.29
34812197	-0.30
34822213	-0.30
34832228	-0.30
34842243	-0.30
34852258	-0.29
34862274	-0.28
34872290	-0.27
34882306	-0.26
34892322	-0.24
34902337	-0.23
34912354	-0.21
34922370	-0.19
34932385	-0.17
34942401	-0.14
34952417	-0.12
34962433	-0.10
34972448	-0.07
34982463	-0.04
34992478	-0.02
35002494	0.01
35012509	0.04
35022524	0.06
35032539	0.09
35042555	0.12
35052571	0.14
35062587	0.16
35072603	0.18
35082619	0.21
35092635	0.22
35102651	0.24
35112666	0.26
35122682	0.27
35132698	0.28
35142715	0.29
35152731	0.29
35162746	0.29
35172762	0.30
35182777	0.29
35192793	0.29
35202809	0.28
35212825	0.28
35222840	0.26
35232856	0.25
35242872	0.24
35252888	0.22
35262904	0.20
35272920	0.18
35282936	0.16
35292952	0.13
35302968	0.11
35312984	0.08
35323008	0.06
35333023	0.03
35343039	0.00
35353053	-0.02
35363069	-0.05
35373084	-0.07
35383099	-0.10
35393114	-0.12
35403130	-0.14
35413146	-0.17
35423162	-0.18
35433178	-0.20
35443193	-0.22
35453209	-0.23
35463225	-0.25
35473242	-0.26
35483258	-0.27
35493274	-0.27
35503290	-0.28
35513306	-0.28
35523322	-0.28
35533337	-0.28
35543353	-0.27
35553369	-0.26
35563385	-0.25
35573400	-0.24
35583417	-0.23
35593433	-0.21
35603449	-0.20
35613464	-0.18
35623480	-0.16
35633496	-0.14
35643513	-0.11
35653529	-0.09
35663544	-0.07
35673560	-0.04
35683575	-0.02
35693590	0.01
35703605	0.03
35713620	0.06
35723635	0.08
35733650	0.11
35743666	0.13
35753682	0.15
35763698	0.17
35773713	0.19
35783728	0.21
35793744	0.22
35803760	0.24
35813777	0.25
35823792	0.26
35833807	0.27
35843823	0.27
35853839	0.27
35863855	0.28
35873871	0.28
35883887	0.27
35893903	0.27
35903919	0.26
35913935	0.25
35923951	0.24
35933967	0.22
35943983	0.21
35954007	0.19
35964023	0.17
35974039	0.15
35984056	0.13
35994072	0.10
36004087	0.08
36014102	0.05
36024117	0.03
36034132	0.00
36044147	-0.02
36054162	-0.04
36064177	-0.07
36074192	-0.09
36084207	-0.11
36094223	-0.13
36104239	-0.15
36114255	-0.17
36124270	-0.19
36134285	-0.21
36144301	-0.22
36154317	-0.23
36164333	-0.24
36174349	-0.25
36184365	-0.25
36194381	-0.26
36204397	-0.26
36214414	-0.26
36224429	-0.26
36234444	-0.25
36244460	-0.25
36254476	-0.24
36264492	-0.23
36274508	-0.21
36284524	-0.20
36294539	-0.18
36304556	-0.17
36314572	-0.15
36324588	-0.13
36334604	-0.11
36344620	-0.09
36354635	-0.06
36364650	-0.04
36374665	-0.02
36384680	0.01
36394696	0.03
36404711	0.05
36414726	0.08
36424742	0.10
36434758	0.12
36444774	0.14
36454790	0.16
36464806	0.18
36474822	0.19
36484837	0.21
36494853	0.22
36504869	0.23
36514885	0.24
36524901	0.25
36534917	0.25
36544933	0.26
36554949	0.26
36564964	0.26
36574979	0.25
36585003	0.25
36595018	0.24
36605034	0.23
36615050	0.22
36625065	0.20
36635080	0.19
36645096	0.17
36655112	0.15
36665128	0.13
36675144	0.11
36685160	0.09
36695176	0.07
36705191	0.05
36715206	0.03
36725221	0.01
36735237	-0.02
36745253	-0.04
36755269	-0.06
36765285	-0.08
36775300	-0.10
36785315	-0.12
36795331	-0.14
36805347	-0.16
36815363	-0.17
36825379	-0.19
36835395	-0.20
36845411	-0.21
36855427	-0.22
36865443	-0.23
36875459	-0.23
36885475	-0.24
36895491	-0.24
36905507	-0.24
36915522	-0.24
36925538	-0.23
36935554	-0.23
36945570	-0.22
36955587	-0.21
36965603	-0.20
36975618	-0.18
36985634	-0.17
36995650	-0.15
37005666	-0.13
37015682	-0.12
37025698	-0.10
37035713	-0.08
37045728	-0.06
37055743	-0.04
37065758	-0.01
37075774	0.01
37085789	0.03
37095804	0.05
37105819	0.07
37115835	0.09
37125850	0.11
37135865	0.13
37145881	0.15
37155896	0.16
37165912	0.18
37175928	0.19
37185944	0.20
37195959	0.21
37205975	0.22
37216000	0.23
37226016	0.23
37236032	0.24
37246048	0.24
37256064	0.24
37266080	0.23
37276096	0.23
37286112	0.22
37296128	0.21
37306144	0.20
37316159	0.19
37326175	0.17
37336190	0.16
37346205	0.14
37356220	0.13
37366236	0.11
37376252	0.09
37386267	0.07
37396282	0.05
37406297	0.03
37416312	0.01
37426327	-0.02
37436342	-0.04
37446358	-0.06
37456373	-0.08
37466388	-0.10
37476403	-0.11
37486419	-0.13
37496435	-0.15
37506451	-0.16
37516467	-0.17
37526483	-0.19
37536499	-0.20
37546515	-0.20
37556531	-0.21
37566547	-0.22
37576563	-0.22
37586579	-0.22
37596595	-0.22
37606611	-0.22
37616627	-0.21
37626643	-0.21
37636659	-0.20
37646674	-0.19
37656690	-0.18
37666705	-0.17
37676721	-0.15
37686737	-0.14
37696753	-0.12
37706769	-0.11
37716786	-0.09
37726801	-0.07
37736816	-0.05
37746832	-0.03
37756847	-0.01
37766862	0.01
37776878	0.03
37786893	0.05
37796908	0.07
37806923	0.08
37816939	0.10
37826954	0.12
37836970	0.13
37846986	0.15
37857010	0.17
37867026	0.18
37877042	0.19
37887058	0.20
37897073	0.20
37907088	0.21
37917104	0.21
37927120	0.22
37937136	0.22
37947152	0.22
37957168	0.21
37967183	0.21
37977199	0.20
37987214	0.19
37997230	0.18
38007246	0.17
38017262	0.16
38027278	0.14
38037294	0.13
38047310	0.11
38057326	0.10
38067341	0.08
38077356	0.06
38087371	0.04
38097386	0.02
38107401	0.00
38117416	-0.02
38127431	-0.04
38137446	-0.05
38147461	-0.07
38157476	-0.09
38167491	-0.11
38177508	-0.12
38187524	-0.13
38197540	-0.15
38207556	-0.16
38217571	-0.17
38227586	-0.18
38237602	-0.19
38247618	-0.19
38257633	-0.20
38267649	-0.20
38277664	-0.20
38287679	-0.20
38297694	-0.20
38307709	-0.20
38317724	-0.19
38327739	-0.18
38337755	-0.17
38347771	-0.16
38357787	-0.15
38367803	-0.14
38377819	-0.13
38387835	-0.11
38397851	-0.10
38407866	-0.08
38417881	-0.06
38427897	-0.05
38437912	-0.03
38447927	-0.01
38457942	0.01
38467957	0.03
38477972	0.04
38487987	0.06
38498011	0.08
38508026	0.10
38518041	0.11
38528056	0.13
38538072	0.14
38548088	0.15
38558104	0.16
38568120	0.17
38578136	0.18
38588152	0.19
38598168	0.19
38608184	0.20
38618199	0.20
38628214	0.20
38638229	0.20
38648244	0.19
38658260	0.19
38668275	0.18
38678291	0.17
38688307	0.17
38698323	0.15
38708339	0.14
38718355	0.13
38728371	0.12
38738387	0.10
38748402	0.09
38758418	0.07
38768434	0.05
38778449	0.03
38788465	0.02
38798481	-0.00
38808496	-0.02
38818512	-0.03
38828527	-0.05
38838542	-0.07
38848557	-0.08
38858573	-0.10
38868589	-0.11
38878605	-0.13
38888620	-0.14
38898636	-0.15
38908652	-0.16
38918668	-0.17
38928684	-0.17
38938699	-0.18
38948715	-0.18
38958731	-0.18
38968747	-0.18
38978762	-0.18
38988777	-0.18
38998793	-0.18
39008808	-0.17
39018824	-0.17
39028839	-0.16
39038855	-0.15
39048871	-0.14
39058888	-0.13
39068904	-0.11
39078920	-0.10
39088936	-0.09
39098953	-0.07
39108969	-0.06
39118984	-0.04
39129008	-0.02
39139023	-0.01
39149038	0.01
39159053	0.03
39169068	0.04
39179083	0.06
39189098	0.08
39199113	0.09
39209128	0.10
39219143	0.12
39229158	0.13
39239174	0.14
39249190	0.15
39259205	0.16
39269221	0.16
39279237	0.17
39289253	0.17
39299269	0.18
39309285	0.18
39319301	0.18
39329316	0.18
39339332	0.17
39349348	0.17
39359364	0.16
39369379	0.16
39379396	0.15
39389412	0.14
39399428	0.13
39409444	0.12
39419460	0.10
39429475	0.09
39439490	0.08
39449505	0.06
39459521	0.05
39469536	0.03
39479551	0.01
39489566	-0.00
39499581	-0.02
39509596	-0.03
39519611	-0.05
39529626	-0.07
39539641	-0.08
39549656	-0.09
39559672	-0.10
39569687	-0.11
39579703	-0.13
39589719	-0.13
39599735	-0.14
39609751	-0.15
39619767	-0.15
39629783	-0.16
39639799	-0.16
39649815	-0.16
39659831	-0.16
39669846	-0.16
39679861	-0.16
39689877	-0.16
39699893	-0.15
39709909	-0.15
39719925	-0.14
39729941	-0.13
39739957	-0.12
39749973	-0.11
39759998	-0.10
39770013	-0.09
39780029	-0.07
39790045	-0.06
39800061	-0.05
39810077	-0.03
39820093	-0.02
39830109	-0.00
39840124	0.01
39850139	0.03
39860154	0.04
39870169	0.06
39880184	0.07
39890199	0.08
39900214	0.09
39910228	0.11
39920243	0.12
39930259	0.13
39940275	0.13
39950291	0.14
39960307	0.15
39970323	0.15
39980338	0.16
39990354	0.16
40000370	0.16
40010386	0.16
40020401	0.16
40030417	0.16
40040433	0.15
40050448	0.15
40060463	0.14
40070479	0.13
40080495	0.12
40090511	0.11
40100527	0.10
40110543	0.09
40120558	0.08
40130573	0.06
40140588	0.05
40150604	0.04
40160619	0.02
40170634	0.01
40180649	-0.01
40190664	-0.02
40200679	-0.03
40210694	-0.05
40220710	-0.06
40230725	-0.07
40240740	-0.08
40250755	-0.10
40260771	-0.10
40270786	-0.11
40280802	-0.12
40290818	-0.13
40300834	-0.13
40310850	-0.14
40320866	-0.14
40330882	-0.14
40340898	-0.14
40350914	-0.15
40360929	-0.15
40370945	-0.14
40380961	-0.14
40390977	-0.13
40401002	-0.13
40411018	-0.12
40421035	-0.11
40431051	-0.10
40441066	-0.10
40451081	-0.08
40461097	-0.07
40471112	-0.06
40481128	-0.05
40491143	-0.04
40501158	-0.02
40511174	-0.01
40521189	0.00
40531204	0.02
40541220	0.03
40551236	0.04
40561251	0.05
40571266	0.07
40581281	0.08
40591296	0.09
40601311	0.10
40611326	0.11
40621342	0.11
40631358	0.12
40641374	0.13
40651390	0.13
40661407	0.14
40671423	0.14
40681439	0.14
40691454	0.14
40701470	0.14
40711486	0.14
40721501	0.14
40731516	0.13
40741532	0.13
40751548	0.12
40761564	0.11
40771580	0.10
40781595	0.10
40791610	0.09
40801625	0.08
40811640	0.06
40821656	0.05
40831672	0.04
40841687	0.03
40851702	0.02
40861717	0.00
40871731	-0.01
40881746	-0.02
40891762	-0.03
40901777	-0.04
40911792	-0.05
40921807	-0.07
40931823	-0.08
40941838	-0.09
40951853	-0.09
40961868	-0.10
40971884	-0.11
40981900	-0.11
40991916	-0.12
41001932	-0.12
41011948	-0.12
41021964	-0.13
41031980	-0.13
41042004	-0.13
41052020	-0.13
41062035	-0.12
41072051	-0.12
41082067	-0.12
41092083	-0.11
41102099	-0.10
41112115	-0.10
41122130	-0.09
41132145	-0.08
41142160	-0.07
41152176	-0.06
41162192	-0.05
41172208	-0.04
41182224	-0.03
41192240	-0.02
41202255	-0.01
41212270	0.01
41222285	0.02
41232300	0.03
41242315	0.04
41252330	0.05
41262345	0.06
41272360	0.07
41282375	0.08
41292390	0.09
41302406	0.09
41312421	0.10
41322437	0.11
41332453	0.11
41342468	0.11
41352484	0.12
41362500	0.12
41372516	0.12
41382532	0.12
41392547	0.12
41402562	0.12
41412578	0.12
41422594	0.11
41432610	0.11
41442626	0.10
41452641	0.10
41462656	0.09
41472671	0.08
41482687	0.07
41492702	0.06
41502717	0.05
41512733	0.05
41522748	0.03
41532764	0.02
41542779	0.01
41552795	0.00
41562810	-0.01
41572826	-0.02
41582841	-0.03
41592857	-0.04
41602872	-0.05
41612888	-0.06
41622903	-0.07
41632918	-0.07
41642934	-0.08
41652949	-0.09
41662964	-0.09
41672980	-0.10
41683004	-0.10
41693019	-0.10
41703034	-0.11
41713050	-0.11
41723066	-0.11
41733082	-0.11
41743098	-0.11
41753114	-0.10
41763129	-0.10
41773144	-0.10
41783159	-0.09
41793174	-0.09
41803190	-0.08
41813205	-0.07
41823221	-0.07
41833236	-0.06
41843252	-0.05
41853267	-0.04
41863283	-0.03
41873298	-0.02
41883313	-0.01
41893329	-0.00
41903344	0.01
41913359	0.01
41923374	0.02
41933389	0.03
41943404	0.04
41953419	0.05
41963434	0.06
41973450	0.07
41983465	0.07
41993480	0.08
42003495	0.08
42013510	0.09
42023525	0.09
42033540	0.10
42043555	0.10
42053570	0.10
42063585	0.10
42073600	0.10
42083615	0.10
42093630	0.10
42103645	0.10
42113660	0.09
42123676	0.09
42133691	0.08
42143707	0.08
42153722	0.07
42163737	0.06
42173752	0.06
42183767	0.05
42193782	0.04
42203797	0.03
42213813	0.02
42223828	0.02
42233843	0.01
42243858	-0.00
42253873	-0.01
42263888	-0.02
42273903	-0.03
42283918	-0.03
42293933	-0.04
42303948	-0.05
42313963	-0.06
42323978	-0.06
42334002	-0.07
42344017	-0.07
42354032	-0.08
42364048	-0.08
42374063	-0.09
42384078	-0.09
42394094	-0.09
42404109	-0.09
42414124	-0.09
42424139	-0.09
42434154	-0.09
42444169	-0.09
42454184	-0.08
42464199	-0.08
42474214	-0.08
42484229	-0.07
42494244	-0.06
42504259	-0.06
42514274	-0.05
42524289	-0.05
42534304	-0.04
42544319	-0.03
42554334	-0.03
42564349	-0.02
42574364	-0.01
42584379	-0.00
42594395	0.01
42604411	0.01
42614426	0.02
42624441	0.03
42634456	0.04
42644471	0.04
42654486	0.05
42664501	0.05
42674516	0.06
42684531	0.06
42694546	0.07
42704561	0.07
42714577	0.07
42724592	0.08
42734606	0.08
42744621	0.08
42754637	0.08
42764652	0.08
42774667	0.08
42784682	0.08
42794697	0.08
42804711	0.07
42814726	0.07
42824741	0.07
42834756	0.06
42844771	0.06
42854786	0.05
42864801	0.04
42874816	0.04
42884831	0.03
42894846	0.02
42904861	0.02
42914876	0.01
42924891	0.01
42934906	-0.00
42944921	-0.01
42954936	-0.02
42964952	-0.02
42974967	-0.03
42984982	-0.03
42995005	-0.04
43005021	-0.05
43015037	-0.05
43025053	-0.05
43035068	-0.06
43045083	-0.06
43055098	-0.06
43065113	-0.07
43075128	-0.07
43085144	-0.07
43095159	-0.07
43105174	-0.07
43115189	-0.07
43125204	-0.07
43135219	-0.06
43145234	-0.06
43155249	-0.06
43165264	-0.06
43175279	-0.05
43185294	-0.05
43195309	-0.04
43205325	-0.04
43215341	-0.03
43225357	-0.03
43235373	-0.02
43245388	-0.02
43255404	-0.01
43265419	-0.00
43275434	0.00
43285449	0.01
43295464	0.01
43305479	0.02
43315494	0.02
43325509	0.03
43335524	0.03
43345539	0.04
43355555	0.04
43365570	0.05
43375585	0.05
43385600	0.05
43395616	0.06
43405631	0.06
43415646	0.06
43425661	0.06
43435676	0.06
43445691	0.06
43455706	0.06
43465721	0.06
43475736	0.06
43485751	0.06
43495766	0.05
43505781	0.05
43515797	0.05
43525812	0.04
43535828	0.04
43545843	0.03
43555859	0.03
43565874	0.03
43575890	0.02
43585905	0.02
43595920	0.01
43605935	0.01
43615950	0.00
43625964	-0.00
43635979	-0.01
43646003	-0.01
43656018	-0.02
43666033	-0.02
43676049	-0.03
43686064	-0.03
43696079	-0.03
43706094	-0.04
43716109	-0.04
43726124	-0.04
43736139	-0.04
43746154	-0.05
43756170	-0.05
43766185	-0.05
43776200	-0.05
43786215	-0.05
43796230	-0.05
43806245	-0.05
43816260	-0.05
43826275	-0.05
43836291	-0.04
43846307	-0.04
43856322	-0.04
43866337	-0.04
43876352	-0.03
43886368	-0.03
43896384	-0.03
43906400	-0.02
43916415	-0.02
43926430	-0.01
43936445	-0.01
43946460	-0.01
43956476	-0.00
43966491	0.00
43976506	0.01
43986521	0.01
43996537	0.01
44006552	0.02
44016567	0.02
44026582	0.02
44036597	0.03
44046612	0.03
44056627	0.03
44066642	0.03
44076657	0.04
44086672	0.04
44096687	0.04
44106702	0.04
44116717	0.04
44126732	0.04
44136747	0.04
44146762	0.04
44156776	0.04
44166790	0.04
44176806	0.04
44186821	0.03
44196836	0.03
44206851	0.03
44216866	0.03
44226881	0.03
44236897	0.02
44246912	0.02
44256927	0.02
44266942	0.01
44276957	0.01
44286972	0.01
44296987	0.00
44307010	0.00
44317025	-0.00
44327040	-0.01
44337055	-0.01
44347070	-0.01
44357086	-0.01
44367101	-0.02
44377116	-0.02
44387131	-0.02
44397146	-0.02
44407161	-0.02
44417176	-0.03
44427191	-0.03
44437206	-0.03
44447221	-0.03
44457236	-0.03
44467251	-0.03
44477266	-0.03
44487281	-0.03
44497296	-0.03
44507311	-0.03
44517327	-0.03
44527342	-0.02
44537357	-0.02
44547372	-0.02
44557387	-0.02
44567403	-0.02
44577418	-0.02
44587433	-0.01
44597448	-0.01
44607463	-0.01
44617478	-0.01
44627493	-0.00
44637508	-0.00
44647522	0.00
44657536	0.00
44667550	0.01
44677566	0.01
44687581	0.01
44697596	0.01
44707611	0.01
44717627	0.02
44727642	0.02
44737657	0.02
44747672	0.02
44757687	0.02
44767702	0.02
44777717	0.02
44787732	0.02
44797747	0.02
44807762	0.02
44817777	0.02
44827792	0.02
44837807	0.02
44847822	0.02
44857836	0.02
44867852	0.02
44877867	0.02
44887882	0.02
44897897	0.02
44907912	0.01
44917927	0.01
44927942	0.01
44937957	0.01
44947972	0.01
44957987	0.01
44968010	0.01
44978025	0.01
44988040	0.00
44998054	0.00
45008069	0.00
45018084	0.00
45028098	-0.00
45038113	-0.00
45048128	-0.00
45058143	-0.00
45068158	-0.01
45078173	-0.01
45088188	-0.01
45098203	-0.01
45108218	-0.01
45118233	-0.01
45128248	-0.01
45138263	-0.01
45148278	-0.01
45158293	-0.01
45168308	-0.01
45178323	-0.01
45188338	-0.01
45198352	-0.01
45208367	-0.01
45218382	-0.01
45228397	-0.01
45238412	-0.01
45248427	-0.01
45258442	-0.01
45268458	-0.01
45278473	-0.01
45288488	-0.01
45298503	-0.01
45308518	-0.00
45318533	-0.00
45328548	-0.00
45338562	-0.00
45348577	-0.00
45358592	-0.00
45368607	0.00
45378621	0.00
45388635	0.00
45398649	0.00
45408664	0.00
45418679	0.00
45428693	0.00
45438708	0.00
45448723	0.00
45458737	0.00
45468752	0.00
45478766	0.00
45488780	0.00
45498795	0.00
45508810	0.00
45518824	0.00
45528838	0.00
45538853	0.00
45548867	0.00
45558881	0.00
45568895	0.00
45578909	0.00
45588924	0.00
45598938	0.00
45608952	0.00
45618966	0.00
45628980	0.00
45639003	0.00
45649018	0.00
45659032	0.00
45669046	0.00
45679060	0.00
45689074	0.00
45699089	0.00
45709103	0.00
45719118	0.00
45729132	0.00
45739147	0.00
45749161	0.00
45759175	0.00
45769189	0.00
45779203	0.00
45789217	0.00
45799231	0.00
45809245	0.00
45819259	0.00
45829273	0.00
45839287	0.00
45849301	0.00
45859316	0.00
45869330	0.00
45879344	0.00
45889358	0.00
45899372	0.00
45909386	0.00
45919400	0.00
45929414	0.00
45939428	0.00
45949442	0.00
45959456	0.00
45969470	0.00
45979484	0.00
45989498	0.00
45999512	0.00
46009526	0.00
46019541	0.00
46029556	0.00
46039571	0.00
46049585	0.00
46059600	0.00
46069614	0.00
46079628	0.00
46089642	0.00
46099656	0.00
46109670	0.00
