-0.00	
-0.01	
-0.01	
-0.01	
-0.01	
0.00	
0.01	
0.01	
-0.00	
-0.01	
-0.00	
-0.01	
-0.01	
0.05	
1.02	
3.00	
5.91	
10.98	
16.98	
22.96	
27.69	
30.24	
31.12	
31.46	
31.72	
31.93	
31.90	
32.47	
33.94	
35.44	
37.79	
39.81	
40.68	
41.17	
41.15	
40.82	
40.57	
40.51	
40.80	
41.18	
41.54	
40.92	
32.71	
17.80	
-0.13	
-17.30	
-30.12	
-36.10	
-34.09	
-24.45	
-9.34	
7.78	
22.88	
32.68	
35.51	
30.90	
19.72	
4.52	
-11.12	
-23.85	
-31.27	
-31.72	
-25.24	
-13.20	
1.60	
15.64	
26.02	
30.66	
28.72	
20.47	
7.88	
-6.00	
-18.35	
-26.48	
-28.72	
-24.70	
-15.23	
-2.41	
10.43	
20.79	
26.48	
26.30	
20.35	
10.06	
-2.14	
-13.78	
-22.13	
-25.49	
-23.22	
-15.85	
-5.14	
6.44	
16.49	
22.76	
23.95	
19.85	
11.38	
0.62	
-10.10	
-18.45	
-22.59	
-21.75	
-16.10	
-7.02	
3.47	
13.07	
19.67	
21.81	
19.19	
12.34	
2.79	
-7.13	
-15.38	
-20.10	
-20.33	
-16.14	
-8.50	
0.95	
10.11	
16.99	
19.90	
18.38	
12.78	
4.47	
-4.65	
-12.64	
-17.75	
-18.84	
-15.73	
-9.26	
-0.81	
7.76	
14.52	
17.96	
17.33	
12.91	
5.62	
-2.74	
-10.40	
-15.67	
-17.38	
-15.22	
-9.80	
-2.27	
5.79	
12.40	
16.20	
16.28	
12.76	
6.49	
-1.13	
-8.41	
-13.79	
-15.97	
-14.54	
-9.98	
-3.26	
4.13	
10.55	
14.55	
15.26	
12.49	
7.03	
0.09	
-6.78	
-12.06	
-14.61	
-13.84	
-10.03	
-4.01	
2.82	
8.96	
13.05	
14.18	
12.13	
7.40	
1.11	
-5.36	
-10.61	
-13.38	
-13.12	
-9.94	
-4.63	
1.67	
7.55	
11.70	
13.18	
11.67	
7.60	
1.87	
-4.21	
-9.28	
-12.24	
-12.44	
-9.88	
-5.08	
0.77	
6.40	
10.54	
12.29	
11.28	
7.76	
2.56	
-3.22	
-8.15	
-11.23	
-11.75	
-9.65	
-5.41	
-0.01	
5.36	
9.48	
11.44	
10.81	
7.76	
3.00	
-2.35	
-7.12	
-10.25	
-11.05	
-9.35	
-5.58	
-0.60	
4.47	
8.49	
10.57	
10.26	
7.66	
3.36	
-1.67	
-6.23	
-9.35	
-10.34	
-9.01	
-5.70	
-1.15	
3.63	
7.58	
9.75	
9.70	
7.47	
3.60	
-1.04	
-5.40	
-8.49	
-9.66	
-8.62	
-5.67	
-1.49	
2.98	
6.74	
8.95	
9.12	
7.25	
3.74	
-0.56	
-4.67	
-7.68	
-8.94	
-8.18	
-5.60	
-1.80	
2.36	
5.97	
8.18	
8.51	
6.93	
3.82	
-0.12	
-3.98	
-6.90	
-8.25	
-7.71	
-5.46	
-2.00	
1.85	
5.25	
7.43	
7.91	
6.60	
3.81	
0.19	
-3.40	
-6.19	
-7.56	
-7.20	
-5.24	
-2.13	
1.45	
4.64	
6.75	
7.32	
6.22	
3.75	
0.48	
-2.87	
-5.52	
-6.89	
-6.69	
-4.97	
-2.17	
1.08	
4.06	
6.08	
6.72	
5.81	
3.63	
0.66	
-2.41	
-4.89	
-6.25	
-6.16	
-4.68	
-2.18	
0.81	
3.56	
5.47	
6.13	
5.39	
3.45	
0.79	
-2.01	
-4.34	
-5.62	
-5.61	
-4.35	
-2.11	
0.56	
3.09	
4.88	
5.55	
4.94	
3.24	
0.84	
-1.71	
-3.84	
-5.06	
-5.11	
-4.01	
-2.00	
0.42	
2.70	
4.35	
4.99	
4.48	
2.99	
0.86	
-1.44	
-3.39	
-4.52	
-4.59	
-3.63	
-1.87	
0.27	
2.33	
3.84	
4.46	
4.05	
2.74	
0.85	
-1.20	
-2.94	
-3.98	
-4.08	
-3.27	
-1.70	
0.20	
2.04	
3.39	
3.95	
3.61	
2.46	
0.79	
-1.03	
-2.57	
-3.49	
-3.59	
-2.88	
-1.54	
0.14	
1.75	
2.94	
3.43	
3.12	
2.13	
0.68	
-0.89	
-2.24	
-3.05	
-3.14	
-2.51	
-1.32	
0.13	
1.52	
2.54	
2.97	
2.71	
1.84	
0.57	
-0.80	
-1.95	
-2.64	
-2.68	
-2.12	
-1.10	
0.15	
1.32	
2.19	
2.52	
2.27	
1.51	
0.44	
-0.72	
-1.68	
-2.24	
-2.25	
-1.76	
-0.89	
0.15	
1.15	
1.85	
2.10	
1.86	
1.20	
0.29	
-0.65	
-1.42	
-1.85	
-1.82	
-1.37	
-0.63	
0.24	
1.03	
1.56	
1.72	
1.47	
0.91	
0.15	
-0.62	
-1.22	
-1.51	
-1.44	
-1.03	
-0.42	
0.28	
0.87	
1.25	
1.32	
1.08	
0.59	
-0.02	
-0.58	
-1.00	
-1.18	
-1.06	
-0.71	
-0.21	
0.31	
0.73	
0.96	
0.94	
0.69	
0.30	
-0.15	
-0.55	
-0.80	
-0.85	
-0.70	
-0.39	
-0.02	
0.35	
0.60	
0.70	
0.61	
0.38	
0.08	
-0.23	
-0.46	
-0.57	
-0.52	
-0.34	
-0.11	
0.14	
0.33	
0.43	
0.42	
0.31	
0.12	
-0.07	
-0.23	
-0.31	
-0.30	
-0.21	
-0.08	
0.07	
0.17	
0.23	
0.21	
0.15	
0.05	
-0.06	
-0.12	
-0.15	
-0.12	
-0.06	
0.01	
0.07	
0.11	
0.11	
0.08	
0.02	
-0.03	
-0.06	
-0.06	
-0.04	
-0.02	
0.02	
0.05	
0.07	
0.06	
0.05	
0.02	
0.01	
0.01	
0.00	
0.00	
0.01	
0.01	
0.00	
-0.00	
-0.01	
-0.01	
0.01	
0.00	
0.00	
-0.01	
-0.00	
0.01	
0.01	
-0.00	
0.00	
0.01	
-0.00	
-0.01	
0.01	
0.01	
0.01	
0.01	
0.03	
0.04	
0.01	
-0.01	
-0.03	
-0.01	
-0.05	
-0.07	
-0.07	
-0.04	
-0.01	
-0.01	
-0.04	
-0.04	
-0.03	
-0.02	
-0.01	
-0.01	
0.01	
0.04	
0.11	
0.14	
0.09	