5.74	674.99
6.16	719.99
6.56	854.99
6.94	854.99
7.28	944.99
7.60	989.99
7.89	1034.99
8.15	1079.99
8.37	1124.99
8.56	1169.99
8.72	1169.99
8.84	1214.99
8.93	1214.99
8.98	1214.99
9.00	1259.99
8.98	1259.98
8.93	1259.99
8.84	1259.99
8.71	1214.99
8.55	1214.99
8.36	1214.99
8.14	1214.99
7.88	1124.99
7.59	1124.99
7.27	1080.00
6.92	989.99
6.55	944.99
6.14	899.99
5.72	854.99
5.27	854.99
4.80	764.99
4.31	675.00
3.81	584.99
3.29	539.99
2.76	449.99
2.21	360.00
1.66	315.00
1.10	180.00
0.54	135.00
-0.03	45.00
-0.60	0.00
-1.16	0.00
-1.72	0.00
-2.27	0.00
-2.81	-44.99
-3.34	-225.00
-3.86	-314.99
-4.37	-405.00
-4.85	-540.00
-5.32	-584.99
-5.77	-674.99
-6.19	-764.99
-6.59	-809.99
-6.96	-899.98
-7.30	-899.98
-7.62	-945.00
-7.91	-1034.99
-8.16	-1034.99
-8.38	-1079.99
-8.57	-1124.98
-8.73	-1214.99
-8.85	-1214.99
-8.93	-1214.99
-8.98	-1259.99
-9.00	-1259.98
-8.98	-1259.99
-8.92	-1259.99
-8.83	-1259.99
-8.71	-1259.99
-8.54	-1214.99
-8.35	-1214.99
-8.12	-1169.99
-7.86	-1169.99
-7.57	-1169.99
-7.25	-1079.99
-6.90	-1034.99
-6.52	-989.99
-6.12	-899.99
-5.69	-854.99
-5.24	-854.99
-4.77	-719.99
-4.29	-674.99
-3.78	-584.99
-3.26	-539.99
-2.72	-450.00
-2.18	-405.00
-1.63	-270.00
-1.07	-180.00
-0.50	-90.00
0.06	45.00
0.63	-45.00
1.19	0.00
1.75	0.00
2.30	0.00
2.84	90.00
3.37	315.00
3.89	360.00
4.40	450.00
4.88	539.99
5.34	629.99
5.79	719.99
6.21	764.99
6.61	809.99
6.98	899.99
7.32	944.99
7.64	989.99
7.92	1034.99
8.17	1079.99
8.39	1124.99
8.58	1169.99
8.74	1169.99
8.85	1214.99
8.94	1214.99
8.99	1259.99
9.00	1259.98
8.98	1259.99
8.92	1259.98
8.82	1214.99
8.70	1214.99
8.53	1214.99
8.34	1169.99
8.11	1169.99
7.85	1124.99
7.55	1124.98
7.23	1080.00
6.88	989.99
6.50	944.99
6.10	944.99
5.67	899.99
5.22	810.00
4.75	764.99
4.26	675.00
3.75	584.99
3.23	540.00
2.69	449.99
2.15	360.00
1.59	314.99
1.04	179.99
0.47	135.00
-0.10	-45.00
-0.66	0.00
-1.22	0.00
-1.78	0.00
-2.33	0.00
-2.88	-45.00
-3.40	-269.99
-3.92	-315.00
-4.42	-449.99
-4.91	-585.00
-5.37	-629.99
-5.81	-675.00
-6.23	-764.98
-6.63	-854.99
-7.00	-854.99
-7.34	-944.99
-7.65	-989.99
-7.94	-1034.98
-8.19	-1079.99
-8.41	-1124.99
-8.59	-1169.99
-8.74	-1169.99
-8.86	-1214.99
-8.94	-1214.99
-8.99	-1259.99
-9.00	-1259.98
-8.97	-1259.98
-8.91	-1259.99
-8.82	-1259.99
-8.69	-1214.99
-8.52	-1214.99
-8.32	-1214.99
-8.09	-1169.99
-7.83	-1169.99
-7.53	-1079.99
-7.21	-1079.99
-6.86	-989.99
-6.48	-989.99
-6.07	-944.99
-5.64	-854.99
-5.19	-809.99
-4.72	-764.99
-4.23	-674.99
-3.72	-584.99
-3.20	-494.99
-2.66	-450.00
-2.11	-360.00
-1.56	-270.00
-1.00	-180.00
-0.44	-135.00
0.13	0.00
0.69	-45.00
1.26	0.00
1.81	0.00
2.36	0.00
2.90	135.00
3.44	315.00
3.95	315.00
4.45	495.00
4.93	539.99
5.40	584.99
5.84	719.99
6.26	764.99
6.65	809.99
7.02	899.99
7.36	944.99
7.67	989.99
7.95	1034.99
8.20	1079.99
8.42	1124.99
8.60	1169.99
8.75	1169.99
8.87	1169.99
8.95	1214.99
8.99	1259.98
9.00	1214.99
8.97	1259.99
8.91	1259.98
8.81	1214.99
8.68	1259.98
8.51	1214.99
8.31	1169.99
8.08	1169.99
7.81	1124.99
7.52	1124.99
7.19	1034.99
6.84	1034.98
6.46	945.00
6.05	945.00
5.62	854.99
5.16	764.98
4.69	720.00
4.20	629.99
3.69	584.99
3.17	494.98
2.63	405.00
2.08	360.00
1.53	270.00
0.97	179.99
0.40	179.99
-0.16	0.00
-0.73	0.00
-1.29	0.00
-1.85	0.00
-2.40	0.00
-2.94	-44.99
-3.46	-269.99
-3.98	-315.00
-4.48	-450.00
-4.96	-584.99
-5.42	-629.99
-5.86	-719.99
-6.28	-764.99
-6.68	-809.99
-7.04	-899.98
-7.38	-944.99
-7.69	-989.99
-7.97	-1079.99
-8.22	-1124.99
-8.43	-1124.98
-8.61	-1169.99
-8.76	-1214.99
-8.87	-1214.99
-8.95	-1259.98
-8.99	-1259.99
-9.00	-1259.98
-8.97	-1259.99
-8.90	-1259.99
-8.81	-1259.99
-8.67	-1259.99
-8.50	-1214.99
-8.30	-1214.99
-8.06	-1169.99
-7.80	-1124.99
-7.50	-1124.99
-7.17	-1079.99
-6.82	-1034.99
-6.43	-944.99
-6.02	-899.99
-5.59	-854.99
-5.14	-809.99
-4.66	-719.99
-4.17	-674.99
-3.66	-584.99
-3.14	-539.99
-2.60	-450.00
-2.05	-360.00
-1.50	-270.00
-0.94	-180.00
-0.37	-135.00
0.20	-90.00
0.76	0.00
1.32	0.00
1.88	0.00
2.43	0.00
2.97	135.00
3.50	270.00
4.01	360.00
4.51	450.00
4.99	539.99
5.45	629.99
5.89	719.99
6.31	809.99
6.70	809.99
7.06	899.99
7.40	944.99
7.71	989.99
7.98	1034.99
8.23	1124.99
8.44	1169.99
8.62	1169.99
8.77	1214.99
8.88	1214.99
8.95	1259.99
8.99	1259.99
9.00	1259.99
8.97	1259.98
8.90	1259.99
8.80	1259.98
8.66	1214.99
8.49	1214.99
8.29	1169.99
8.05	1169.99
7.78	1169.99
7.48	1080.00
7.15	1034.98
6.79	1034.99
6.41	989.99
6.00	899.99
5.57	854.99
5.11	764.99
4.63	674.99
4.14	629.98
3.63	584.99
3.10	495.00
2.57	449.99
2.02	360.00
1.46	270.00
0.90	225.00
0.34	90.00
-0.23	-90.00
-0.79	0.00
-1.35	0.00
-1.91	0.00
-2.46	0.00
-3.00	-45.00
-3.52	-225.00
-4.04	-314.99
-4.54	-495.00
-5.02	-584.99
-5.48	-629.99
-5.92	-719.99
-6.33	-764.99
-6.72	-810.00
-7.08	-899.99
-7.42	-945.00
-7.72	-989.99
-8.00	-1034.99
-8.24	-1124.99
-8.45	-1125.00
-8.63	-1169.99
-8.77	-1214.99
-8.88	-1214.99
-8.96	-1259.98
-8.99	-1259.99
-9.00	-1259.98
-8.96	-1259.99
-8.90	-1259.99
-8.79	-1259.99
-8.65	-1259.99
-8.48	-1214.99
-8.27	-1214.99
-8.03	-1169.99
-7.76	-1124.99
-7.46	-1124.99
-7.13	-1034.99
-6.77	-1034.99
-6.39	-989.99
-5.98	-899.99
-5.54	-854.99
-5.08	-809.99
-4.61	-719.99
-4.11	-674.99
-3.60	-584.99
-3.07	-494.99
-2.54	-450.00
-1.99	-360.00
-1.43	-270.00
-0.87	-180.00
-0.31	-135.00
0.26	45.00
0.82	-45.00
1.39	45.00
1.94	0.00
2.49	45.00
3.03	180.00
3.56	270.00
4.07	360.00
4.57	495.00
5.04	584.99
5.50	629.99
5.94	719.99
6.35	809.99
6.74	809.99
7.10	854.99
7.44	899.99
7.74	989.99
8.01	1034.99
8.26	1079.99
8.46	1124.99
8.64	1169.99
8.78	1169.99
8.89	1214.99
8.96	1259.98
9.00	1259.99
9.00	1259.98
8.96	1259.98
8.89	1259.99
8.78	1214.99
8.64	1214.99
8.47	1214.99
8.26	1169.99
8.02	1169.99
7.75	1124.98
7.44	1079.99
7.11	1034.98
6.75	989.99
6.36	944.99
5.95	854.99
5.51	854.99
5.06	764.99
4.58	719.99
4.08	629.99
3.57	584.99
3.04	495.00
2.51	449.99
1.96	315.00
1.40	270.00
0.84	180.00
0.27	135.00
-0.29	-45.00
-0.86	0.00
-1.42	0.00
-1.97	0.00
-2.52	0.00
-3.06	-90.00
-3.59	-270.00
-4.10	-360.00
-4.59	-495.00
-5.07	-584.99
-5.53	-675.00
-5.96	-719.99
-6.38	-764.99
-6.76	-854.99
-7.12	-854.99
-7.45	-944.99
-7.76	-989.99
-8.03	-1079.99
-8.27	-1080.00
-8.48	-1124.98
-8.65	-1169.99
-8.79	-1169.99
-8.89	-1214.99
-8.96	-1214.99
-9.00	-1259.98
-8.99	-1259.99
-8.96	-1259.99
-8.88	-1259.99
-8.78	-1259.98
-8.63	-1214.99
-8.46	-1214.99
-8.25	-1214.99
-8.00	-1169.99
-7.73	-1169.99
-7.43	-1079.99
-7.09	-1034.99
-6.73	-989.99
-6.34	-989.99
-5.93	-899.99
-5.49	-854.99
-5.03	-809.99
-4.55	-719.99
-4.05	-629.99
-3.54	-539.99
-3.01	-494.99
-2.47	-405.00
-1.92	-360.00
-1.37	-270.00
-0.80	-180.00
-0.24	-90.00
0.33	-90.00
0.89	45.00
1.45	0.00
2.01	0.00
2.55	45.00
3.09	180.00
3.62	270.00
4.13	405.00
4.62	495.00
5.10	584.99
5.55	674.99
5.99	719.99
6.40	764.99
6.78	854.99
7.14	899.99
7.47	989.99
7.77	989.99
8.04	1034.99
8.28	1079.99
8.49	1124.99
8.66	1169.99
8.80	1214.99
8.90	1214.99
8.97	1214.99
9.00	1214.99
8.99	1259.98
8.95	1259.99
8.88	1259.99
8.77	1214.99
8.63	1214.99
8.45	1214.99
8.23	1169.99
7.99	1124.99
7.71	1124.99
7.41	1079.99
7.07	1079.99
6.71	989.99
6.32	945.00
5.90	899.98
5.46	854.99
5.00	764.99
4.52	720.00
4.02	584.99
3.51	584.99
2.98	495.00
2.44	405.00
1.89	360.00
1.34	225.01
0.77	135.00
0.21	45.00
-0.36	-90.00
-0.92	0.00
-1.48	0.00
-2.04	-45.00
-2.59	0.00
-3.12	-90.00
-3.65	-270.00
-4.16	-360.00
-4.65	-494.98
-5.13	-629.99
-5.58	-629.99
-6.01	-719.99
-6.42	-764.99
-6.81	-854.99
-7.16	-899.99
-7.49	-944.99
-7.79	-1034.99
-8.06	-1034.99
-8.29	-1124.98
-8.50	-1124.98
-8.67	-1169.99
-8.80	-1169.99
-8.90	-1214.99
-8.97	-1259.99
-9.00	-1259.99
-8.99	-1214.99
-8.95	-1259.99
-8.87	-1259.98
-8.76	-1259.99
-8.62	-1214.99
-8.43	-1214.99
-8.22	-1169.99
-7.97	-1169.99
-7.70	-1124.99
-7.39	-1079.99
-7.05	-1034.99
-6.69	-989.99
-6.29	-944.99
-5.88	-899.99
-5.44	-809.99
-4.97	-764.99
-4.49	-719.99
-3.99	-584.99
-3.48	-584.99
-2.95	-494.99
-2.41	-360.00
-1.86	-360.00
-1.30	-270.00
-0.74	-180.00
-0.18	-135.00
0.39	45.00
0.96	0.00
1.52	0.00
2.07	0.00
2.62	0.00
3.15	225.00
3.68	315.00
4.19	405.00
4.68	495.00
5.15	584.99
5.61	674.99
6.04	719.99
6.45	809.99
6.83	854.99
7.18	944.99
7.51	989.99
7.81	989.99
8.07	1034.99
8.31	1079.99
8.51	1124.99
8.68	1169.99
8.81	1214.99
8.91	1214.99
8.97	1259.98
9.00	1259.99
8.99	1259.98
8.95	1259.99
8.87	1259.99
8.75	1214.99
8.61	1214.99
8.42	1169.99
8.21	1169.99
7.96	1169.99
7.68	1169.99
7.37	1079.99
7.03	1034.98
6.66	989.99
6.27	945.00
5.85	854.99
5.41	809.99
4.95	764.99
4.46	675.00
3.96	629.99
3.45	585.00
2.92	449.99
2.38	405.00
1.83	314.99
1.27	270.00
0.71	180.00
0.14	90.00
-0.42	-45.00
-0.99	0.00
-1.55	0.00
-2.10	-45.00
-2.65	0.00
-3.18	-135.00
-3.71	-270.00
-4.22	-360.00
-4.71	-540.00
-5.18	-584.99
-5.63	-674.99
-6.06	-719.99
-6.47	-809.99
-6.85	-854.99
-7.20	-899.99
-7.53	-989.99
-7.82	-1034.98
-8.09	-1080.00
-8.32	-1079.99
-8.52	-1124.98
-8.68	-1169.99
-8.82	-1169.99
-8.91	-1214.99
-8.97	-1259.99
-9.00	-1259.98
-8.99	-1259.99
-8.94	-1259.98
-8.86	-1259.98
-8.75	-1259.98
-8.60	-1214.99
-8.41	-1214.99
-8.19	-1214.99
-7.94	-1169.99
-7.66	-1124.99
-7.35	-1079.99
-7.01	-1034.99
-6.64	-989.99
-6.24	-944.99
-5.83	-899.99
-5.38	-809.99
-4.92	-764.99
-4.43	-674.99
-3.93	-629.99
-3.42	-584.99
-2.89	-450.00
-2.34	-405.00
-1.79	-315.00
-1.24	-270.00
-0.68	-135.00
-0.11	-90.00
0.46	45.00
1.02	0.00
1.58	45.00
2.13	0.00
2.68	45.00
3.22	270.00
3.74	315.00
4.24	405.00
4.74	539.99
5.21	584.99
5.66	674.99
6.09	764.99
6.49	809.99
6.87	809.99
7.22	944.99
7.55	989.99
7.84	1034.99
8.10	1079.99
8.33	1124.99
8.53	1124.99
8.69	1169.99
8.82	1214.99
8.92	1214.99
8.98	1259.98
9.00	1259.99
8.99	1259.98
8.94	1259.99
8.86	1259.99
8.74	1214.99
8.59	1214.99
8.40	1214.99
8.18	1214.99
7.93	1124.98
7.65	1124.98
7.33	1080.00
6.99	1034.99
6.62	989.99
6.22	944.99
5.80	899.99
5.36	810.00
4.89	764.99
4.41	674.99
3.90	629.99
3.39	540.00
2.86	495.00
2.31	404.99
1.76	314.99
1.20	269.99
0.64	135.00
0.08	0.00
-0.49	0.00
-1.06	0.00
-1.61	0.00
-2.17	0.00
-2.71	0.00
-3.24	-225.01
-3.77	-270.00
-4.27	-405.00
-4.76	-540.00
-5.23	-584.99
-5.68	-674.99
-6.11	-719.99
-6.51	-810.00
-6.89	-899.99
-7.24	-945.00
-7.56	-944.99
-7.86	-989.99
-8.12	-1079.99
-8.34	-1124.98
-8.54	-1124.98
-8.70	-1169.99
-8.83	-1214.99
-8.92	-1214.99
-8.98	-1214.99
-9.00	-1259.99
-8.99	-1259.98
-8.94	-1259.98
-8.85	-1259.99
-8.73	-1259.99
-8.58	-1214.99
-8.39	-1214.99
-8.17	-1214.99
-7.91	-1169.99
-7.63	-1124.99
-7.31	-1079.99
-6.97	-1034.99
-6.60	-944.99
-6.20	-899.99
-5.78	-854.99
-5.33	-809.99
-4.86	-764.99
-4.38	-674.99
-3.88	-629.99
-3.36	-539.99
-2.82	-450.00
-2.28	-360.00
-1.73	-315.00
-1.17	-225.00
-0.61	-180.00
-0.04	-45.00
0.52	45.00
1.09	0.00
1.65	0.00
2.20	0.00
2.74	45.00
3.28	270.00
3.80	270.00
4.30	405.00
4.79	539.99
5.26	180.00
5.71	0.00
6.13	-45.00