2.41	494.99
1.31	360.00
0.18	180.00
-0.95	-45.00
-2.07	0.00
-3.15	-90.00
-4.18	-314.99
-5.15	-450.00
-6.04	-629.99
-6.83	-764.99
-7.51	-854.99
-8.07	-944.99
-8.51	-1079.99
-8.81	-1124.99
-8.97	-1214.99
-8.99	-1214.99
-8.87	-1259.99
-8.61	-1259.99
-8.21	-1214.99
-7.68	-1124.99
-7.03	-1079.99
-6.27	-989.99
-5.41	-944.99
-4.46	-764.99
-3.44	-629.99
-2.37	-495.00
-1.27	-314.99
-0.14	-180.00
0.99	0.00
2.11	0.00
3.19	135.00
4.22	315.00
5.18	449.99
6.07	629.99
6.85	764.99
7.53	854.99
8.09	989.99
8.52	1034.99
8.82	1169.99
8.97	1214.99
8.99	1214.99
8.86	1214.99
8.59	1259.99
8.19	1214.99
7.66	1169.99
7.00	1079.99
6.24	989.99
5.37	899.99
4.42	764.99
3.41	629.99
2.34	494.99
1.22	315.00
0.10	180.00
-1.03	90.00
-2.15	-45.00
-3.23	-135.00
-4.26	-315.00
-5.22	-495.00
-6.10	-629.99
-6.88	-764.99
-7.55	-899.99
-8.11	-989.99
-8.53	-1079.99
-8.83	-1124.99
-8.98	-1169.99
-8.99	-1259.99
-8.85	-1259.99
-8.58	-1214.99
-8.17	-1214.99
-7.64	-1124.99
-6.98	-1079.99
-6.21	-989.99
-5.34	-899.99
-4.39	-764.99
-3.37	-629.99
-2.29	-495.00
-1.18	-315.00
-0.06	-180.00
1.08	45.00
2.19	0.00
3.27	180.00
4.29	360.00
5.25	450.00
6.13	629.99
6.91	764.99
7.57	899.99
8.13	944.99
8.55	1079.99
8.83	1169.99
8.98	1214.99
8.98	1214.99
8.85	1214.99
8.57	1214.99
8.16	1214.99
7.61	1169.99
6.95	1079.99
6.18	1034.99
5.31	899.99
4.36	809.99
3.33	629.99
2.26	494.99
1.15	314.99
0.01	180.00
-1.12	-90.00
-2.23	0.00
-3.30	-180.00
-4.33	-360.00
-5.29	-494.99
-6.16	-629.99
-6.93	-764.99
-7.60	-854.99
-8.14	-989.99
-8.56	-1079.99
-8.84	-1124.99
-8.98	-1214.99
-8.98	-1214.99
-8.84	-1214.99
-8.56	-1259.99
-8.14	-1214.99
-7.59	-1124.99
-6.92	-1079.99
-6.15	-989.99
-5.27	-899.99
-4.32	-764.99
-3.29	-629.99
-2.22	-495.00
-1.10	-314.99
0.03	-180.00
1.16	-90.00
2.26	45.00
3.34	225.00
4.37	315.00
5.32	495.00
6.19	629.99
6.96	809.99
7.62	899.99
8.16	989.99
8.57	1079.99
8.85	1124.99
8.99	1214.99
8.98	1214.99
8.83	1214.99
8.54	1259.99
8.12	1169.99
7.57	1169.99
6.90	1079.99
6.12	989.99
5.24	854.99
4.28	719.99
3.25	629.99
2.17	450.00
1.06	315.00
-0.07	180.00
-1.20	-45.00
-2.31	-90.00
-3.38	-270.00
-4.40	-360.00
-5.35	-495.00
-6.22	-629.99
-6.98	-764.99
-7.64	-899.99
-8.18	-989.99
-8.59	-1079.99
-8.86	-1169.99
-8.99	-1214.99
-8.98	-1259.99
-8.82	-1214.99
-8.53	-1214.99
-8.10	-1169.99
-7.55	-1124.99
-6.87	-1079.99
-6.09	-989.99
-5.21	-854.99
-4.25	-764.99
-3.21	-629.99
-2.13	-495.00
-1.02	-314.99
0.11	-135.00
1.24	90.00
2.35	0.00
3.42	135.00
4.44	360.00
5.39	449.99
6.25	629.99
7.01	809.99
7.66	899.99
8.20	989.99
8.60	1079.99
8.86	1169.99
8.99	1214.99
8.97	1214.99
8.81	1259.99
8.52	1214.99
8.08	1214.99
7.52	1169.99
6.84	1079.99
6.06	989.99
5.18	854.99
4.21	719.99
3.18	629.99
2.10	495.00
0.98	315.00
-0.15	135.00
-1.28	-90.00
-2.39	0.00
-3.46	-135.00
-4.47	-360.00
-5.42	-450.00
-6.28	-629.99
-7.04	-764.99
-7.69	-899.99
-8.21	-989.99
-8.61	-1079.99
-8.87	-1124.99
-8.99	-1214.99
-8.97	-1259.99
-8.81	-1214.99
-8.50	-1259.99
-8.06	-1169.99
-7.50	-1124.99
-6.82	-1079.99
-6.02	-989.99
-5.14	-899.99
-4.17	-764.99
-3.14	-629.99
-2.05	-449.99
-0.94	-315.00
0.19	-90.00
1.32	90.00
2.43	0.00
3.50	135.00
4.51	405.00
5.45	450.00
6.31	629.99
7.06	764.99
7.71	899.99
8.23	989.99
8.62	1079.99
8.88	1124.99
8.99	1214.99
8.97	1214.99
8.80	1259.99
8.49	1259.99
8.05	1169.99
7.48	1124.99
6.79	1079.99
5.99	989.99
5.10	854.99
4.14	719.99
3.10	584.99
2.01	450.00
0.90	270.00
-0.23	180.00
-1.36	-90.00
-2.47	0.00
-3.53	-225.00
-4.55	-360.00
-5.49	-495.00
-6.34	-629.99
-7.09	-809.99
-7.73	-899.99
-8.25	-989.99
-8.63	-1079.99
-8.88	-1169.99
-8.99	-1214.99
-8.96	-1214.99
-8.79	-1259.99
-8.48	-1259.99
-8.03	-1169.99
-7.46	-1124.99
-6.76	-1079.99
-5.96	-989.99
-5.07	-854.99
-4.10	-719.99
-3.06	-584.99
-1.97	-450.00
-0.85	-270.00
0.28	-90.00
1.40	90.00
2.51	45.00
3.57	315.00
4.58	405.00
5.52	539.99
6.36	674.99
7.11	809.99
7.75	944.99
8.26	1034.99
8.65	1079.99
8.89	1124.99
9.00	1214.99
8.96	1214.99
8.78	1259.99
8.46	1214.99
8.01	1214.99
7.43	1169.99
6.74	1034.99
5.93	989.99
5.03	854.99
4.06	764.99
3.02	584.99
1.94	450.00
0.81	270.00
-0.32	135.00
-1.44	-135.00
-2.55	0.00
-3.61	-225.00
-4.62	-404.99
-5.55	-494.99
-6.40	-674.99
-7.14	-809.99
-7.77	-899.99
-8.28	-1034.99
-8.66	-1124.99
-8.90	-1169.99
-9.00	-1214.99
-8.95	-1259.99
-8.77	-1259.99
-8.45	-1214.99
-7.99	-1169.99
-7.41	-1124.99
-6.71	-1034.99
-5.90	-944.99
-5.00	-854.99
-4.03	-719.99
-2.98	-584.99
-1.89	-405.00
-0.77	-270.00
0.36	-45.00
1.49	0.00
2.59	0.00
3.65	225.00
4.65	360.00
5.58	540.00
6.42	674.99
7.16	809.99
7.79	899.99
8.30	989.99
8.67	1079.99
8.90	1169.99
9.00	1214.99
8.95	1214.99
8.76	1214.99
8.43	1214.99
7.97	1214.99
7.39	1124.99
6.68	1079.99
5.87	989.99
4.97	854.99
3.99	674.99
2.94	584.99
1.85	404.99
0.73	270.00
-0.40	45.00
-1.52	-135.00