0.97	0.00
1.13	0.00
1.29	0.00
1.45	0.00
1.61	0.00
1.77	0.00
1.93	0.00
2.09	0.00
2.24	0.00
2.40	22.27
2.56	0.00
2.71	0.00
2.86	0.00
3.02	22.27
3.17	289.54
3.32	378.63
3.47	423.18
3.61	445.45
3.76	467.72
3.91	490.00
4.05	512.27
4.19	534.54
4.33	534.54
4.47	556.81
4.61	579.08
4.75	623.63
4.88	645.90
5.01	645.90
5.14	690.45
5.27	668.17
5.40	712.72
5.53	712.72
5.65	757.26
5.77	757.26
5.89	779.54
6.01	801.81
6.12	824.08
6.23	846.35
6.35	846.35
6.45	846.35
6.56	868.63
6.66	868.63
6.77	913.17
6.86	913.17
6.96	935.45
7.05	935.45
7.15	957.72
7.24	979.99
7.32	979.99
7.41	979.98
7.49	1002.26
7.57	1024.54
7.64	1024.53
7.71	1046.80
7.78	1069.08
7.85	1069.08
7.92	1091.35
7.98	1069.08
8.04	1113.63
8.09	1091.35
8.15	1113.63
8.20	1113.63
8.25	1135.91
8.29	1135.90
8.33	1135.90
8.37	1135.90
8.41	1135.90
8.44	1135.90
8.47	1158.18
8.50	1158.16
8.52	1158.18
8.54	1158.18
8.56	1158.16
8.57	1180.44
8.58	1180.44
8.59	1180.44
8.60	1180.43
8.60	1158.16
8.60	1158.18
8.60	1158.18
8.59	1158.16
8.58	1180.43
8.57	1180.44
8.55	1180.44
8.53	1158.16
8.51	1158.16
8.48	1180.44
8.46	1158.18
8.42	1158.16
8.39	1135.90
8.35	1158.19
8.31	1135.90
8.27	1135.90
8.22	1135.90
8.18	1135.90
8.12	1113.63
8.07	1113.63
8.01	1091.36
7.95	1091.36
7.89	1091.36
7.82	1069.09
7.75	1069.09
7.68	1069.09
7.61	1046.82
7.53	1024.53
7.45	1024.55
7.37	1024.55
7.28	1002.28
7.19	979.99
7.10	979.99
7.01	957.70
6.92	935.45
6.82	935.43
6.72	935.45
6.62	913.16
6.51	913.18
6.40	890.89
6.29	868.62
6.18	868.65
6.07	824.09
5.95	801.82
5.84	824.09
5.71	779.52
5.59	757.26
5.47	734.99
5.34	734.99
5.21	712.72
5.08	690.45
4.95	690.45
4.82	645.91
4.68	623.64
4.55	601.35
4.41	601.38
4.27	579.08
4.13	556.81
3.98	534.54
3.84	512.28
3.69	490.01
3.55	467.71
3.40	445.45
3.25	445.47
3.10	400.91
2.95	400.91
2.79	378.64
2.64	334.08
2.48	334.08
2.33	311.81
2.17	289.54
2.01	267.25
1.86	245.00
1.70	222.74
1.54	200.44
1.38	155.90
1.22	155.90
1.06	111.34
0.89	89.10
0.73	-66.83
0.57	0.00
0.41	0.00
0.25	0.00
0.09	0.00
-0.08	0.00
-0.24	0.00
-0.40	0.00
-0.56	0.00
-0.72	0.00
-0.89	0.00
-1.05	0.00
-1.21	0.00
-1.37	0.00
-1.53	0.00
-1.69	0.00
-1.85	0.00
-2.01	-22.27
-2.16	0.00
-2.32	0.00
-2.47	0.00
-2.63	-89.10
-2.78	-289.54
-2.94	-356.35
-3.09	-378.62
-3.24	-400.91
-3.39	-400.91
-3.54	-445.45
-3.69	-445.47
-3.83	-490.01
-3.98	-489.98
-4.12	-512.28
-4.26	-534.54
-4.40	-579.08
-4.54	-579.11
-4.68	-601.35
-4.81	-623.64
-4.95	-645.89
-5.08	-645.89
-5.21	-668.18
-5.34	-690.45
-5.46	-734.99
-5.59	-734.99
-5.71	-734.99
-5.83	-757.28
-5.95	-779.52
-6.06	-801.82
-6.18	-824.09
-6.29	-824.09
-6.40	-846.35
-6.51	-868.62
-6.61	-868.62
-6.71	-890.89
-6.81	-913.16
-6.91	-935.45
-7.01	-935.43
-7.10	-957.72
-7.19	-957.72
-7.28	-979.99
-7.36	-1002.26
-7.44	-1002.26
-7.53	-1024.55
-7.60	-1046.82
-7.68	-1046.80
-7.75	-1069.09
-7.82	-1046.80
-7.88	-1069.09
-7.95	-1091.36
-8.01	-1091.33
-8.07	-1113.63
-8.12	-1113.63
-8.17	-1113.63
-8.22	-1113.63
-8.27	-1135.90
-8.31	-1135.90
-8.35	-1135.90
-8.39	-1158.16
-8.42	-1158.16
-8.45	-1135.90
-8.48	-1158.16
-8.51	-1158.16
-8.53	-1158.16
-8.55	-1180.44
-8.56	-1180.43
-8.58	-1180.44
-8.59	-1180.44
-8.60	-1180.44
-8.60	-1180.44
-8.60	-1180.44
-8.60	-1180.44
-8.59	-1180.44
-8.58	-1180.44
-8.57	-1180.44
-8.56	-1180.43
-8.54	-1180.44
-8.52	-1180.44
-8.50	-1180.44
-8.47	-1180.44
-8.44	-1158.16
-8.41	-1158.18
-8.37	-1158.18
-8.33	-1158.16
-8.29	-1158.18
-8.25	-1135.90
-8.20	-1135.90
-8.15	-1113.63
-8.10	-1113.63
-8.04	-1113.61
-7.98	-1113.63
-7.92	-1091.36
-7.86	-1091.36
-7.79	-1069.08
-7.72	-1069.08
-7.65	-1069.08
-7.57	-1046.81
-7.49	-1024.53
-7.41	-1024.54
-7.33	-1002.27
-7.24	-1002.27
-7.15	-979.99
-7.06	-979.99
-6.97	-957.72
-6.87	-957.72
-6.77	-935.45
-6.67	-913.17
-6.57	-913.17
-6.46	-890.90
-6.35	-890.90
-6.24	-868.63
-6.13	-846.35
-6.01	-846.35
-5.90	-801.81
-5.78	-779.54
-5.66	-779.54
-5.53	-757.27
-5.41	-734.99
-5.28	-734.99
-5.15	-712.72
-5.02	-690.45
-4.89	-668.17
-4.75	-668.17
-4.62	-645.90
-4.48	-601.36
-4.34	-601.36
-4.20	-556.81
-4.06	-556.81
-3.91	-534.54
-3.77	-512.27
-3.62	-489.99
-3.47	-467.72
-3.32	-445.45
-3.17	-423.18
-3.02	-423.18
-2.87	-378.63
-2.72	-378.63
-2.56	-334.09
-2.41	-311.81
-2.25	-289.54
-2.09	-267.27
-1.94	-245.00
-1.78	-245.00
-1.62	-200.45
-1.46	-200.45
-1.30	-178.18
-1.14	-155.91
-0.98	-66.82
-0.82	-111.36
-0.66	-22.27
-0.49	-22.27
-0.33	0.00
-0.17	0.00
-0.01	0.00
0.16	0.00
0.32	0.00
0.48	0.00
0.64	0.00
0.80	0.00
0.96	0.00
1.13	0.00
1.29	0.00
1.45	0.00
1.61	22.27
1.77	0.00
1.92	0.00
2.08	0.00
2.24	0.00
2.39	0.00
2.55	0.00
2.70	0.00
2.86	245.00
3.01	356.36
3.16	378.63
3.31	400.90
3.46	423.18
3.61	445.45
3.76	467.72
3.90	490.00
4.05	512.27
4.19	534.54
4.33	534.54
4.47	556.81
4.61	601.36
4.74	623.63
4.88	623.63
5.01	645.90
5.14	668.17
5.27	690.45
5.40	690.45
5.52	712.72
5.65	734.99
5.77	757.27
5.89	779.54
6.00	779.54
6.12	824.08
6.23	824.08
6.34	846.36
6.45	868.63
6.56	890.90
6.66	890.90
6.76	913.17
6.86	913.17
6.96	913.17
7.05	935.45
7.14	957.72
7.23	957.72
7.32	1002.27
7.40	1002.27
7.48	1002.26
7.56	1024.53
7.64	1024.53
7.71	1046.81
7.78	1069.08
7.85	1069.08
7.91	1069.08
7.98	1091.35
8.04	1091.35
8.09	1113.63
8.15	1091.36
8.20	1113.63
8.24	1113.63
8.29	1135.90

