0.000e+00, 0.000e+00, 0.000e+00, 0.000e+00, 0.000e+00,0.000e+00, 0.000e+00, 0.000e+00, 0.000e+00,0.000e+00, 899082
0.000e+00, 0.000e+00, 0.000e+00, 0.000e+00, 0.000e+00,0.000e+00, 0.000e+00, 0.000e+00, 0.000e+00,0.000e+00, 919174
0.000e+00, 0.000e+00, 0.000e+00, 0.000e+00, 0.000e+00,0.000e+00, 0.000e+00, 0.000e+00, 0.000e+00,0.000e+00, 939263
0.000e+00, 0.000e+00, 0.000e+00, 0.000e+00, 0.000e+00,0.000e+00, 0.000e+00, 0.000e+00, 0.000e+00,0.000e+00, 959351
0.000e+00, 0.000e+00, 0.000e+00, 0.000e+00, 0.000e+00,0.000e+00, 0.000e+00, 0.000e+00, 0.000e+00,0.000e+00, 979440
0.000e+00, 0.000e+00, 0.000e+00, 0.000e+00, 0.000e+00,0.000e+00, 0.000e+00, 0.000e+00, 0.000e+00,0.000e+00, 999531
0.000e+00, 0.000e+00, 0.000e+00, 0.000e+00, 0.000e+00,0.000e+00, 0.000e+00, 0.000e+00, 0.000e+00,0.000e+00, 1019620
0.000e+00, 0.000e+00, 0.000e+00, 0.000e+00, 0.000e+00,0.000e+00, 7.670e-04, 0.000e+00, 3.196e-02,0.000e+00, 1039764
0.000e+00, 0.000e+00, 0.000e+00, 0.000e+00, 0.000e+00,0.000e+00, 7.670e-04, 0.000e+00, 0.000e+00,0.000e+00, 1059879
0.000e+00, 0.000e+00, 0.000e+00, 0.000e+00, 0.000e+00,0.000e+00, 7.670e-04, 0.000e+00, 0.000e+00,0.000e+00, 1080006
0.000e+00, 0.000e+00, 0.000e+00, 0.000e+00, 0.000e+00,0.000e+00, 3.068e-03, 0.000e+00, 9.587e-02,0.000e+00, 1100141
0.000e+00, 0.000e+00, 0.000e+00, 0.000e+00, 0.000e+00,0.000e+00, 3.068e-03, 0.000e+00, 0.000e+00,0.000e+00, 1120256
0.000e+00, 0.000e+00, 0.000e+00, 0.000e+00, 0.000e+00,0.000e+00, 3.068e-03, 0.000e+00, 0.000e+00,0.000e+00, 1140369
0.000e+00, 0.000e+00, 0.000e+00, 0.000e+00, 0.000e+00,0.000e+00, 3.068e-03, 0.000e+00, 0.000e+00,0.000e+00, 1160485
0.000e+00, 0.000e+00, 0.000e+00, 0.000e+00, 0.000e+00,0.000e+00, 3.835e-03, 0.000e+00, 3.196e-02,0.000e+00, 1180617
0.000e+00, 0.000e+00, 0.000e+00, 0.000e+00, 0.000e+00,0.000e+00, 3.835e-03, 0.000e+00, 0.000e+00,0.000e+00, 1200732
0.000e+00, 0.000e+00, 0.000e+00, 0.000e+00, 0.000e+00,0.000e+00, 3.835e-03, 0.000e+00, 0.000e+00,0.000e+00, 1220846
0.000e+00, 0.000e+00, 0.000e+00, 0.000e+00, 0.000e+00,0.000e+00, 3.835e-03, 0.000e+00, 0.000e+00,0.000e+00, 1240959
0.000e+00, 0.000e+00, 0.000e+00, 0.000e+00, 0.000e+00,0.000e+00, 3.835e-03, 0.000e+00, 0.000e+00,0.000e+00, 1261086
0.000e+00, 0.000e+00, 0.000e+00, 0.000e+00, 0.000e+00,0.000e+00, 3.835e-03, 0.000e+00, 0.000e+00,0.000e+00, 1281200
0.000e+00, 0.000e+00, 0.000e+00, 0.000e+00, 0.000e+00,0.000e+00, 3.835e-03, 0.000e+00, 0.000e+00,0.000e+00, 1301313
0.000e+00, 0.000e+00, 0.000e+00, 0.000e+00, 0.000e+00,0.000e+00, 3.835e-03, 0.000e+00, 0.000e+00,0.000e+00, 1321426
0.000e+00, 0.000e+00, 0.000e+00, 0.000e+00, 0.000e+00,0.000e+00, 3.835e-03, 0.000e+00, 0.000e+00,0.000e+00, 1341541
0.000e+00, 0.000e+00, 0.000e+00, 0.000e+00, 0.000e+00,0.000e+00, 3.835e-03, 0.000e+00, 0.000e+00,0.000e+00, 1361655
0.000e+00, 0.000e+00, 0.000e+00, 0.000e+00, 0.000e+00,0.000e+00, 3.835e-03, 0.000e+00, 0.000e+00,0.000e+00, 1381768
0.000e+00, 0.000e+00, 0.000e+00, 0.000e+00, 0.000e+00,0.000e+00, 3.835e-03, 0.000e+00, 0.000e+00,0.000e+00, 1401883
0.000e+00, 0.000e+00, 0.000e+00, 0.000e+00, 0.000e+00,0.000e+00, 3.835e-03, 0.000e+00, 0.000e+00,0.000e+00, 1422008
0.000e+00, 0.000e+00, 0.000e+00, 0.000e+00, 0.000e+00,0.000e+00, 3.835e-03, 0.000e+00, 0.000e+00,0.000e+00, 1442122
0.000e+00, 0.000e+00, 0.000e+00, 0.000e+00, 0.000e+00,0.000e+00, 3.835e-03, 0.000e+00, 0.000e+00,0.000e+00, 1462237
0.000e+00, 0.000e+00, 0.000e+00, 0.000e+00, 0.000e+00,0.000e+00, 3.835e-03, 0.000e+00, 0.000e+00,0.000e+00, 1482351
0.000e+00, 0.000e+00, 0.000e+00, 0.000e+00, 0.000e+00,0.000e+00, 3.835e-03, 0.000e+00, 0.000e+00,0.000e+00, 1502465
0.000e+00, 0.000e+00, 0.000e+00, 0.000e+00, 0.000e+00,0.000e+00, 3.835e-03, 0.000e+00, 0.000e+00,0.000e+00, 1522578
0.000e+00, 0.000e+00, 0.000e+00, 0.000e+00, 0.000e+00,0.000e+00, 3.835e-03, 0.000e+00, 0.000e+00,0.000e+00, 1542693
0.000e+00, 0.000e+00, 0.000e+00, 0.000e+00, 0.000e+00,0.000e+00, 3.835e-03, 0.000e+00, 0.000e+00,0.000e+00, 1562808
0.000e+00, 0.000e+00, 0.000e+00, 0.000e+00, 0.000e+00,0.000e+00, 3.835e-03, 0.000e+00, 0.000e+00,0.000e+00, 1582920
0.000e+00, 0.000e+00, 0.000e+00, 0.000e+00, 0.000e+00,0.000e+00, 3.835e-03, 0.000e+00, 0.000e+00,0.000e+00, 1603047
0.000e+00, 0.000e+00, 0.000e+00, 0.000e+00, 0.000e+00,0.000e+00, 3.835e-03, 0.000e+00, 0.000e+00,0.000e+00, 1623162
0.000e+00, 0.000e+00, 0.000e+00, 0.000e+00, 0.000e+00,0.000e+00, 3.835e-03, 0.000e+00, 0.000e+00,0.000e+00, 1643277
0.000e+00, 0.000e+00, 0.000e+00, 0.000e+00, 0.000e+00,0.000e+00, 3.835e-03, 0.000e+00, 0.000e+00,0.000e+00, 1663390
0.000e+00, 0.000e+00, 0.000e+00, 0.000e+00, 0.000e+00,0.000e+00, 3.835e-03, 0.000e+00, 0.000e+00,0.000e+00, 1683504
0.000e+00, 0.000e+00, 0.000e+00, 0.000e+00, 0.000e+00,0.000e+00, 3.835e-03, 0.000e+00, 0.000e+00,0.000e+00, 1703618
0.000e+00, 0.000e+00, 0.000e+00, 0.000e+00, 0.000e+00,0.000e+00, 3.835e-03, 0.000e+00, 0.000e+00,0.000e+00, 1723731
0.000e+00, 0.000e+00, 0.000e+00, 0.000e+00, 0.000e+00,0.000e+00, 3.835e-03, 0.000e+00, 0.000e+00,0.000e+00, 1743844
0.000e+00, 0.000e+00, 0.000e+00, 0.000e+00, 0.000e+00,0.000e+00, 3.835e-03, 0.000e+00, 0.000e+00,0.000e+00, 1763957
0.000e+00, 0.000e+00, 0.000e+00, 0.000e+00, 0.000e+00,0.000e+00, 3.835e-03, 0.000e+00, 0.000e+00,0.000e+00, 1784083
0.000e+00, 0.000e+00, 0.000e+00, 0.000e+00, 0.000e+00,0.000e+00, 3.835e-03, 0.000e+00, 0.000e+00,0.000e+00, 1804196
0.000e+00, 0.000e+00, 0.000e+00, 0.000e+00, 0.000e+00,0.000e+00, 3.835e-03, 0.000e+00, 0.000e+00,0.000e+00, 1824311
0.000e+00, 0.000e+00, 0.000e+00, 0.000e+00, 0.000e+00,0.000e+00, 3.835e-03, 0.000e+00, 0.000e+00,0.000e+00, 1844426
0.000e+00, 0.000e+00, 0.000e+00, 0.000e+00, 0.000e+00,0.000e+00, 3.835e-03, 0.000e+00, 0.000e+00,0.000e+00, 1864539
0.000e+00, 0.000e+00, 0.000e+00, 0.000e+00, 0.000e+00,0.000e+00, 3.835e-03, 0.000e+00, 0.000e+00,0.000e+00, 1884655
0.000e+00, 0.000e+00, 0.000e+00, 0.000e+00, 0.000e+00,0.000e+00, 3.835e-03, 0.000e+00, 0.000e+00,0.000e+00, 1904769
0.000e+00, 0.000e+00, 0.000e+00, 0.000e+00, 0.000e+00,0.000e+00, 3.835e-03, 0.000e+00, 0.000e+00,0.000e+00, 1924884
0.000e+00, 0.000e+00, 0.000e+00, 0.000e+00, 0.000e+00,0.000e+00, 3.835e-03, 0.000e+00, 0.000e+00,0.000e+00, 1945010
0.000e+00, 0.000e+00, 0.000e+00, 0.000e+00, 0.000e+00,0.000e+00, 3.835e-03, 0.000e+00, 0.000e+00,0.000e+00, 1965123
0.000e+00, 0.000e+00, 0.000e+00, 0.000e+00, 0.000e+00,0.000e+00, 3.835e-03, 0.000e+00, 0.000e+00,0.000e+00, 1985236
0.000e+00, 0.000e+00, 0.000e+00, 0.000e+00, 0.000e+00,0.000e+00, 3.835e-03, 0.000e+00, 0.000e+00,0.000e+00, 2005350
0.000e+00, 0.000e+00, 0.000e+00, 0.000e+00, 0.000e+00,0.000e+00, 3.835e-03, 0.000e+00, 0.000e+00,0.000e+00, 2025466
0.000e+00, 0.000e+00, 0.000e+00, 0.000e+00, 0.000e+00,0.000e+00, 3.835e-03, 0.000e+00, 0.000e+00,0.000e+00, 2045580
0.000e+00, 0.000e+00, 0.000e+00, 0.000e+00, 0.000e+00,0.000e+00, 3.835e-03, 0.000e+00, 0.000e+00,0.000e+00, 2065695
0.000e+00, 0.000e+00, 0.000e+00, 0.000e+00, 0.000e+00,0.000e+00, 3.835e-03, 0.000e+00, 0.000e+00,0.000e+00, 2085810
0.000e+00, 0.000e+00, 0.000e+00, 0.000e+00, 0.000e+00,0.000e+00, 3.835e-03, 0.000e+00, 0.000e+00,0.000e+00, 2105923
0.000e+00, 0.000e+00, 0.000e+00, 0.000e+00, 0.000e+00,0.000e+00, 3.835e-03, 0.000e+00, 0.000e+00,0.000e+00, 2126048
0.000e+00, 0.000e+00, 0.000e+00, 0.000e+00, 0.000e+00,0.000e+00, 3.835e-03, 0.000e+00, 0.000e+00,0.000e+00, 2146163
0.000e+00, 0.000e+00, 0.000e+00, 0.000e+00, 0.000e+00,0.000e+00, 3.835e-03, 0.000e+00, 0.000e+00,0.000e+00, 2166277
0.000e+00, 0.000e+00, 0.000e+00, 0.000e+00, 0.000e+00,0.000e+00, 3.835e-03, 0.000e+00, 0.000e+00,0.000e+00, 2186392
0.000e+00, 0.000e+00, 0.000e+00, 0.000e+00, 0.000e+00,0.000e+00, 3.835e-03, 0.000e+00, 0.000e+00,0.000e+00, 2206507
0.000e+00, 0.000e+00, 0.000e+00, 0.000e+00, 0.000e+00,0.000e+00, 3.835e-03, 0.000e+00, 0.000e+00,0.000e+00, 2226621
0.000e+00, 0.000e+00, 0.000e+00, 0.000e+00, 0.000e+00,0.000e+00, 3.835e-03, 0.000e+00, 0.000e+00,0.000e+00, 2246735
0.000e+00, 0.000e+00, 0.000e+00, 0.000e+00, 0.000e+00,0.000e+00, 3.835e-03, 0.000e+00, 0.000e+00,0.000e+00, 2266849
0.000e+00, 0.000e+00, 0.000e+00, 0.000e+00, 0.000e+00,0.000e+00, 3.835e-03, 0.000e+00, 0.000e+00,0.000e+00, 2286963
0.000e+00, 0.000e+00, 0.000e+00, 0.000e+00, 0.000e+00,0.000e+00, 3.835e-03, 0.000e+00, 0.000e+00,0.000e+00, 2307088
0.000e+00, 0.000e+00, 0.000e+00, 0.000e+00, 0.000e+00,0.000e+00, 3.835e-03, 0.000e+00, 0.000e+00,0.000e+00, 2327203
0.000e+00, 0.000e+00, 0.000e+00, 0.000e+00, 0.000e+00,0.000e+00, 3.835e-03, 0.000e+00, 0.000e+00,0.000e+00, 2347316
0.000e+00, 0.000e+00, 0.000e+00, 0.000e+00, 0.000e+00,0.000e+00, 3.835e-03, 0.000e+00, 0.000e+00,0.000e+00, 2367429
0.000e+00, 0.000e+00, 0.000e+00, 0.000e+00, 0.000e+00,0.000e+00, 3.835e-03, 0.000e+00, 0.000e+00,0.000e+00, 2387545
0.000e+00, 0.000e+00, 0.000e+00, 0.000e+00, 0.000e+00,0.000e+00, 3.835e-03, 0.000e+00, 0.000e+00,0.000e+00, 2407658
0.000e+00, 0.000e+00, 0.000e+00, 0.000e+00, 0.000e+00,0.000e+00, 3.835e-03, 0.000e+00, 0.000e+00,0.000e+00, 2427773
0.000e+00, 0.000e+00, 0.000e+00, 0.000e+00, 0.000e+00,0.000e+00, 3.835e-03, 0.000e+00, 0.000e+00,0.000e+00, 2447886
0.000e+00, 0.000e+00, 0.000e+00, 0.000e+00, 0.000e+00,0.000e+00, 3.835e-03, 0.000e+00, 0.000e+00,0.000e+00, 2468010
0.000e+00, 0.000e+00, 0.000e+00, 0.000e+00, 0.000e+00,0.000e+00, 3.835e-03, 0.000e+00, 0.000e+00,0.000e+00, 2488125
0.000e+00, 0.000e+00, 0.000e+00, 0.000e+00, 0.000e+00,0.000e+00, 3.835e-03, 0.000e+00, 0.000e+00,0.000e+00, 2508238
0.000e+00, 0.000e+00, 0.000e+00, 0.000e+00, 0.000e+00,0.000e+00, 3.835e-03, 0.000e+00, 0.000e+00,0.000e+00, 2528352
0.000e+00, 0.000e+00, 0.000e+00, 0.000e+00, 0.000e+00,0.000e+00, 3.835e-03, 0.000e+00, 0.000e+00,0.000e+00, 2548467
0.000e+00, 0.000e+00, 0.000e+00, 0.000e+00, 0.000e+00,0.000e+00, 3.835e-03, 0.000e+00, 0.000e+00,0.000e+00, 2568579
0.000e+00, 0.000e+00, 0.000e+00, 0.000e+00, 0.000e+00,0.000e+00, 3.835e-03, 0.000e+00, 0.000e+00,0.000e+00, 2588692
0.000e+00, 0.000e+00, 0.000e+00, 0.000e+00, 0.000e+00,0.000e+00, 3.835e-03, 0.000e+00, 0.000e+00,0.000e+00, 2608807
0.000e+00, 0.000e+00, 0.000e+00, 0.000e+00, 0.000e+00,0.000e+00, 3.835e-03, 0.000e+00, 0.000e+00,0.000e+00, 2628923
0.000e+00, 0.000e+00, 0.000e+00, 0.000e+00, 0.000e+00,0.000e+00, 3.835e-03, 0.000e+00, 0.000e+00,0.000e+00, 2649048
0.000e+00, 0.000e+00, 0.000e+00, 0.000e+00, 0.000e+00,0.000e+00, 3.835e-03, 0.000e+00, 0.000e+00,0.000e+00, 2669161
0.000e+00, 0.000e+00, 0.000e+00, 0.000e+00, 0.000e+00,0.000e+00, 3.835e-03, 0.000e+00, 0.000e+00,0.000e+00, 2689274
0.000e+00, 0.000e+00, 0.000e+00, 0.000e+00, 0.000e+00,0.000e+00, 3.835e-03, 0.000e+00, 0.000e+00,0.000e+00, 2709388
0.000e+00, 0.000e+00, 0.000e+00, 0.000e+00, 0.000e+00,0.000e+00, 3.835e-03, 0.000e+00, 0.000e+00,0.000e+00, 2729504
0.000e+00, 0.000e+00, 0.000e+00, 0.000e+00, 0.000e+00,0.000e+00, 3.835e-03, 0.000e+00, 0.000e+00,0.000e+00, 2749619
0.000e+00, 0.000e+00, 0.000e+00, 0.000e+00, 0.000e+00,0.000e+00, 3.835e-03, 0.000e+00, 0.000e+00,0.000e+00, 2769734
0.000e+00, 0.000e+00, 0.000e+00, 0.000e+00, 0.000e+00,0.000e+00, 3.835e-03, 0.000e+00, 0.000e+00,0.000e+00, 2789847
0.000e+00, 0.000e+00, 0.000e+00, 0.000e+00, 0.000e+00,0.000e+00, 3.835e-03, 0.000e+00, 0.000e+00,0.000e+00, 2809961
0.000e+00, 0.000e+00, 0.000e+00, 0.000e+00, 0.000e+00,0.000e+00, 4.602e-03, 0.000e+00, 3.196e-02,0.000e+00, 2830106
0.000e+00, 0.000e+00, 0.000e+00, 0.000e+00, 0.000e+00,0.000e+00, 4.602e-03, 0.000e+00, 0.000e+00,0.000e+00, 2850221
0.000e+00, 0.000e+00, 0.000e+00, 0.000e+00, 0.000e+00,0.000e+00, 4.602e-03, 0.000e+00, 0.000e+00,0.000e+00, 2870333
0.000e+00, 0.000e+00, 0.000e+00, 0.000e+00, 0.000e+00,0.000e+00, 6.136e-03, 0.000e+00, 6.392e-02,0.000e+00, 2890465
0.000e+00, 0.000e+00, 0.000e+00, 0.000e+00, 0.000e+00,0.000e+00, 6.136e-03, 0.000e+00, 0.000e+00,0.000e+00, 2910578
0.000e+00, 0.000e+00, 0.000e+00, 0.000e+00, 0.000e+00,0.000e+00, 6.136e-03, 0.000e+00, 0.000e+00,0.000e+00, 2930693
0.000e+00, 0.000e+00, 0.000e+00, 0.000e+00, 0.000e+00,0.000e+00, 6.136e-03, 0.000e+00, 0.000e+00,0.000e+00, 2950806
0.000e+00, 0.000e+00, 0.000e+00, 0.000e+00, 0.000e+00,0.000e+00, 6.136e-03, 0.000e+00, 0.000e+00,0.000e+00, 2970919
0.000e+00, 0.000e+00, 0.000e+00, 0.000e+00, 0.000e+00,0.000e+00, 6.136e-03, 0.000e+00, 0.000e+00,0.000e+00, 2991046
0.000e+00, 0.000e+00, 0.000e+00, 0.000e+00, 0.000e+00,0.000e+00, 6.136e-03, 0.000e+00, 0.000e+00,0.000e+00, 3011159
0.000e+00, 0.000e+00, 0.000e+00, 0.000e+00, 0.000e+00,0.000e+00, 6.136e-03, 0.000e+00, 0.000e+00,0.000e+00, 3031273
0.000e+00, 0.000e+00, 0.000e+00, 0.000e+00, 0.000e+00,0.000e+00, 6.136e-03, 0.000e+00, 0.000e+00,0.000e+00, 3051388
0.000e+00, 0.000e+00, 0.000e+00, 0.000e+00, 0.000e+00,0.000e+00, 6.136e-03, 0.000e+00, 0.000e+00,0.000e+00, 3071503
0.000e+00, 0.000e+00, 0.000e+00, 0.000e+00, 0.000e+00,0.000e+00, 6.136e-03, 0.000e+00, 0.000e+00,0.000e+00, 3091617
0.000e+00, 0.000e+00, 0.000e+00, 0.000e+00, 0.000e+00,0.000e+00, 6.136e-03, 0.000e+00, 0.000e+00,0.000e+00, 3111731
0.000e+00, 0.000e+00, 0.000e+00, 0.000e+00, 0.000e+00,0.000e+00, 6.136e-03, 0.000e+00, 0.000e+00,0.000e+00, 3131845
0.000e+00, 0.000e+00, 0.000e+00, 0.000e+00, 0.000e+00,0.000e+00, 6.136e-03, 0.000e+00, 0.000e+00,0.000e+00, 3151959
0.000e+00, 0.000e+00, 0.000e+00, 0.000e+00, 0.000e+00,0.000e+00, 6.136e-03, 0.000e+00, 0.000e+00,0.000e+00, 3172084
0.000e+00, 0.000e+00, 0.000e+00, 0.000e+00, 0.000e+00,0.000e+00, 6.136e-03, 0.000e+00, 0.000e+00,0.000e+00, 3192197
0.000e+00, 0.000e+00, 0.000e+00, 0.000e+00, 0.000e+00,0.000e+00, 6.136e-03, 0.000e+00, 0.000e+00,0.000e+00, 3212311
0.000e+00, 0.000e+00, 0.000e+00, 0.000e+00, 0.000e+00,0.000e+00, 6.136e-03, 0.000e+00, 0.000e+00,0.000e+00, 3232424
0.000e+00, 0.000e+00, 0.000e+00, 0.000e+00, 0.000e+00,0.000e+00, 6.136e-03, 0.000e+00, 0.000e+00,0.000e+00, 3252540
0.000e+00, 0.000e+00, 0.000e+00, 0.000e+00, 0.000e+00,0.000e+00, 6.136e-03, 0.000e+00, 0.000e+00,0.000e+00, 3272653
0.000e+00, 0.000e+00, 0.000e+00, 0.000e+00, 0.000e+00,0.000e+00, 6.136e-03, 0.000e+00, 0.000e+00,0.000e+00, 3292767
0.000e+00, 0.000e+00, 0.000e+00, 0.000e+00, 0.000e+00,0.000e+00, 6.136e-03, 0.000e+00, 0.000e+00,0.000e+00, 3312881
0.000e+00, 0.000e+00, 0.000e+00, 0.000e+00, 0.000e+00,0.000e+00, 6.136e-03, 0.000e+00, 0.000e+00,0.000e+00, 3333009
0.000e+00, 0.000e+00, 0.000e+00, 0.000e+00, 0.000e+00,0.000e+00, 6.136e-03, 0.000e+00, 0.000e+00,0.000e+00, 3353121
0.000e+00, 0.000e+00, 0.000e+00, 0.000e+00, 0.000e+00,0.000e+00, 6.136e-03, 0.000e+00, 0.000e+00,0.000e+00, 3373236
0.000e+00, 0.000e+00, 0.000e+00, 0.000e+00, 0.000e+00,0.000e+00, 6.136e-03, 0.000e+00, 0.000e+00,0.000e+00, 3393351
0.000e+00, 0.000e+00, 0.000e+00, 0.000e+00, 0.000e+00,0.000e+00, 6.136e-03, 0.000e+00, 0.000e+00,0.000e+00, 3413467
0.000e+00, 0.000e+00, 0.000e+00, 0.000e+00, 0.000e+00,0.000e+00, 6.136e-03, 0.000e+00, 0.000e+00,0.000e+00, 3433581
0.000e+00, 0.000e+00, 0.000e+00, 0.000e+00, 0.000e+00,0.000e+00, 6.136e-03, 0.000e+00, 0.000e+00,0.000e+00, 3453695
0.000e+00, 0.000e+00, 0.000e+00, 0.000e+00, 0.000e+00,0.000e+00, 6.136e-03, 0.000e+00, 0.000e+00,0.000e+00, 3473809
0.000e+00, 0.000e+00, 0.000e+00, 0.000e+00, 0.000e+00,0.000e+00, 6.136e-03, 0.000e+00, 0.000e+00,0.000e+00, 3493924
0.000e+00, 0.000e+00, 0.000e+00, 0.000e+00, 0.000e+00,0.000e+00, 6.136e-03, 0.000e+00, 0.000e+00,0.000e+00, 3514048
0.000e+00, 0.000e+00, 0.000e+00, 0.000e+00, 0.000e+00,0.000e+00, 6.136e-03, 0.000e+00, 0.000e+00,0.000e+00, 3534163
0.000e+00, 0.000e+00, 0.000e+00, 0.000e+00, 0.000e+00,0.000e+00, 6.136e-03, 0.000e+00, 0.000e+00,0.000e+00, 3554277
0.000e+00, 0.000e+00, 0.000e+00, 0.000e+00, 0.000e+00,0.000e+00, 6.136e-03, 0.000e+00, 0.000e+00,0.000e+00, 3574391
0.000e+00, 0.000e+00, 0.000e+00, 0.000e+00, 0.000e+00,0.000e+00, 6.136e-03, 0.000e+00, 0.000e+00,0.000e+00, 3594505
0.000e+00, 0.000e+00, 0.000e+00, 0.000e+00, 0.000e+00,0.000e+00, 6.136e-03, 0.000e+00, 0.000e+00,0.000e+00, 3614619
0.000e+00, 0.000e+00, 0.000e+00, 0.000e+00, 0.000e+00,0.000e+00, 6.136e-03, 0.000e+00, 0.000e+00,0.000e+00, 3634734
0.000e+00, 0.000e+00, 0.000e+00, 0.000e+00, 0.000e+00,0.000e+00, 6.136e-03, 0.000e+00, 0.000e+00,0.000e+00, 3654848
0.000e+00, 0.000e+00, 0.000e+00, 0.000e+00, 0.000e+00,0.000e+00, 1.381e-02, 0.000e+00, 3.196e-01,0.000e+00, 3674981
0.000e+00, 0.000e+00, 0.000e+00, 0.000e+00, 0.000e+00,0.000e+00, 2.915e-02, 0.000e+00, 6.392e-01,0.000e+00, 3695125
0.000e+00, 0.000e+00, 0.000e+00, 0.000e+00, 0.000e+00,0.000e+00, 3.528e-02, 0.000e+00, 5.752e-01,0.000e+00, 3715259
0.000e+00, 0.000e+00, 0.000e+00, 0.000e+00, 0.000e+00,0.000e+00, 4.832e-02, 0.000e+00, 8.309e-01,0.000e+00, 3735395
0.000e+00, 0.000e+00, 0.000e+00, 0.000e+00, 0.000e+00,0.000e+00, 5.599e-02, 0.000e+00, 5.752e-01,0.000e+00, 3755531
0.000e+00, 0.000e+00, 0.000e+00, 0.000e+00, 0.000e+00,0.000e+00, 6.519e-02, 0.000e+00, 3.835e-01,0.000e+00, 3775666
0.000e+00, 0.000e+00, 0.000e+00, 0.000e+00, 0.000e+00,0.000e+00, 6.750e-02, 0.000e+00, 6.392e-02,0.000e+00, 3795800
0.000e+00, 0.000e+00, 0.000e+00, 0.000e+00, 0.000e+00,0.000e+00, 6.750e-02, 0.000e+00, 0.000e+00,0.000e+00, 3815914
0.000e+00, 0.000e+00, 0.000e+00, 0.000e+00, 0.000e+00,0.000e+00, 6.750e-02, 0.000e+00, 0.000e+00,0.000e+00, 3836039
0.000e+00, 0.000e+00, 0.000e+00, 0.000e+00, 0.000e+00,0.000e+00, 6.750e-02, 0.000e+00, 0.000e+00,0.000e+00, 3856153
0.000e+00, 0.000e+00, 0.000e+00, 0.000e+00, 0.000e+00,0.000e+00, 6.750e-02, 0.000e+00, 0.000e+00,0.000e+00, 3876268
0.000e+00, 0.000e+00, 0.000e+00, 0.000e+00, 0.000e+00,0.000e+00, 6.750e-02, 0.000e+00, 0.000e+00,0.000e+00, 3896381
0.000e+00, 0.000e+00, 0.000e+00, 0.000e+00, 0.000e+00,0.000e+00, 6.750e-02, 0.000e+00, 0.000e+00,0.000e+00, 3916498
0.000e+00, 0.000e+00, 0.000e+00, 0.000e+00, 0.000e+00,0.000e+00, 7.286e-02, 0.000e+00, 2.237e-01,0.000e+00, 3936634
0.000e+00, 0.000e+00, 0.000e+00, 0.000e+00, 0.000e+00,0.000e+00, 8.514e-02, 0.000e+00, 7.350e-01,0.000e+00, 3956767
0.000e+00, 0.000e+00, 0.000e+00, 0.000e+00, 0.000e+00,0.000e+00, 1.074e-01, 0.000e+00, 1.087e+00,0.000e+00, 3976897
0.000e+00, 0.000e+00, 0.000e+00, 0.000e+00, 0.000e+00,0.000e+00, 1.312e-01, 0.000e+00, 1.150e+00,0.000e+00, 3997044
0.000e+00, 0.000e+00, 0.000e+00, 0.000e+00, 0.000e+00,0.000e+00, 1.657e-01, 0.000e+00, 1.310e+00,0.000e+00, 4017178
0.000e+00, 0.000e+00, 0.000e+00, 0.000e+00, 0.000e+00,0.000e+00, 1.818e-01, 0.000e+00, 1.278e+00,0.000e+00, 4037313
0.000e+00, 0.000e+00, 0.000e+00, 0.000e+00, 0.000e+00,0.000e+00, 2.117e-01, 0.000e+00, 1.406e+00,0.000e+00, 4057446
0.000e+00, 0.000e+00, 0.000e+00, 0.000e+00, 0.000e+00,0.000e+00, 2.493e-01, 0.000e+00, 1.598e+00,0.000e+00, 4077578
0.000e+00, 0.000e+00, 0.000e+00, 0.000e+00, 0.000e+00,0.000e+00, 2.961e-01, 0.000e+00, 2.333e+00,0.000e+00, 4097710
0.000e+00, 0.000e+00, 0.000e+00, 0.000e+00, 0.000e+00,0.000e+00, 3.520e-01, 0.000e+00, 2.716e+00,0.000e+00, 4117844
0.000e+00, 0.000e+00, 0.000e+00, 0.000e+00, 0.000e+00,0.000e+00, 4.096e-01, 0.000e+00, 2.684e+00,0.000e+00, 4137976
0.000e+00, 0.000e+00, 0.000e+00, 0.000e+00, 0.000e+00,0.000e+00, 4.579e-01, 0.000e+00, 2.589e+00,0.000e+00, 4158117
0.000e+00, 0.000e+00, 0.000e+00, 0.000e+00, 0.000e+00,0.000e+00, 5.031e-01, 0.000e+00, 2.109e+00,0.000e+00, 4178250
0.000e+00, 0.000e+00, 0.000e+00, 0.000e+00, 0.000e+00,0.000e+00, 5.430e-01, 0.000e+00, 1.949e+00,0.000e+00, 4198383
0.000e+00, 0.000e+00, 0.000e+00, 0.000e+00, 0.000e+00,0.000e+00, 5.768e-01, 0.000e+00, 1.758e+00,0.000e+00, 4218515
0.000e+00, 0.000e+00, 0.000e+00, 0.000e+00, 0.000e+00,0.000e+00, 6.059e-01, 0.000e+00, 1.470e+00,0.000e+00, 4238646
0.000e+00, 0.000e+00, 0.000e+00, 0.000e+00, 0.000e+00,0.000e+00, 6.320e-01, 0.000e+00, 1.278e+00,0.000e+00, 4258777
0.000e+00, 0.000e+00, 0.000e+00, 0.000e+00, 0.000e+00,0.000e+00, 6.565e-01, 0.000e+00, 1.246e+00,0.000e+00, 4278912
0.000e+00, 0.000e+00, 0.000e+00, 0.000e+00, 0.000e+00,0.000e+00, 6.788e-01, 0.000e+00, 1.150e+00,0.000e+00, 4299060
0.000e+00, 0.000e+00, 0.000e+00, 0.000e+00, 0.000e+00,0.000e+00, 7.056e-01, 0.000e+00, 1.214e+00,0.000e+00, 4319195
0.000e+00, 0.000e+00, 0.000e+00, 0.000e+00, 0.000e+00,0.000e+00, 7.302e-01, 0.000e+00, 1.278e+00,0.000e+00, 4339327
0.000e+00, 0.000e+00, 0.000e+00, 0.000e+00, 0.000e+00,0.000e+00, 7.593e-01, 0.000e+00, 1.342e+00,0.000e+00, 4359462
0.000e+00, 0.000e+00, 0.000e+00, 0.000e+00, 0.000e+00,0.000e+00, 7.839e-01, 0.000e+00, 1.438e+00,0.000e+00, 4379596
0.000e+00, 0.000e+00, 0.000e+00, 0.000e+00, 0.000e+00,0.000e+00, 8.038e-01, 0.000e+00, 1.278e+00,0.000e+00, 4399728
0.000e+00, 0.000e+00, 0.000e+00, 0.000e+00, 0.000e+00,0.000e+00, 8.337e-01, 0.000e+00, 1.470e+00,0.000e+00, 4419863
0.000e+00, 0.000e+00, 0.000e+00, 0.000e+00, 0.000e+00,0.000e+00, 8.621e-01, 0.000e+00, 1.438e+00,0.000e+00, 4440008
0.000e+00, 0.000e+00, 0.000e+00, 0.000e+00, 0.000e+00,0.000e+00, 8.966e-01, 0.000e+00, 1.790e+00,0.000e+00, 4460142
0.000e+00, 0.000e+00, 0.000e+00, 0.000e+00, 0.000e+00,0.000e+00, 9.273e-01, 0.000e+00, 1.662e+00,0.000e+00, 4480271
0.000e+00, 0.000e+00, 0.000e+00, 0.000e+00, 0.000e+00,0.000e+00, 9.610e-01, 0.000e+00, 1.662e+00,0.000e+00, 4500404
0.000e+00, 0.000e+00, 0.000e+00, 0.000e+00, 0.000e+00,0.000e+00, 1.001e+00, 0.000e+00, 1.917e+00,0.000e+00, 4520535
0.000e+00, 0.000e+00, 0.000e+00, 0.000e+00, 0.000e+00,0.000e+00, 1.043e+00, 0.000e+00, 2.045e+00,0.000e+00, 4540667
0.000e+00, 0.000e+00, 0.000e+00, 0.000e+00, 0.000e+00,0.000e+00, 1.083e+00, 0.000e+00, 2.045e+00,0.000e+00, 4560798
0.000e+00, 0.000e+00, 0.000e+00, 0.000e+00, 0.000e+00,0.000e+00, 1.127e+00, 0.000e+00, 2.173e+00,0.000e+00, 4580929
0.000e+00, 0.000e+00, 0.000e+00, 0.000e+00, 0.000e+00,0.000e+00, 1.160e+00, 0.000e+00, 2.045e+00,0.000e+00, 4601074
0.000e+00, 0.000e+00, 0.000e+00, 0.000e+00, 0.000e+00,0.000e+00, 1.202e+00, 0.000e+00, 1.981e+00,0.000e+00, 4621206
0.000e+00, 0.000e+00, 0.000e+00, 0.000e+00, 0.000e+00,0.000e+00, 1.249e+00, 0.000e+00, 2.109e+00,0.000e+00, 4641339
0.000e+00, 0.000e+00, 0.000e+00, 0.000e+00, 0.000e+00,0.000e+00, 1.305e+00, 0.000e+00, 2.812e+00,0.000e+00, 4661472
0.000e+00, 0.000e+00, 0.000e+00, 0.000e+00, 0.000e+00,0.000e+00, 1.368e+00, 0.000e+00, 3.132e+00,0.000e+00, 4681605
0.000e+00, 0.000e+00, 0.000e+00, 0.000e+00, 0.000e+00,0.000e+00, 1.433e+00, 0.000e+00, 3.196e+00,0.000e+00, 4701736
0.000e+00, 0.000e+00, 0.000e+00, 0.000e+00, 0.000e+00,0.000e+00, 1.489e+00, 0.000e+00, 2.812e+00,0.000e+00, 4721868
0.000e+00, 0.000e+00, 0.000e+00, 0.000e+00, 0.000e+00,0.000e+00, 1.544e+00, 0.000e+00, 2.684e+00,0.000e+00, 4742011
0.000e+00, 0.000e+00, 0.000e+00, 0.000e+00, 0.000e+00,0.000e+00, 1.592e+00, 0.000e+00, 2.365e+00,0.000e+00, 4762144
0.000e+00, 0.000e+00, 0.000e+00, 0.000e+00, 0.000e+00,0.000e+00, 1.641e+00, 0.000e+00, 2.365e+00,0.000e+00, 4782276
0.000e+00, 0.000e+00, 0.000e+00, 0.000e+00, 0.000e+00,0.000e+00, 1.674e+00, 0.000e+00, 1.854e+00,0.000e+00, 4802405
0.000e+00, 0.000e+00, 0.000e+00, 0.000e+00, 0.000e+00,0.000e+00, 1.704e+00, 0.000e+00, 1.566e+00,0.000e+00, 4822540
0.000e+00, 0.000e+00, 0.000e+00, 0.000e+00, 0.000e+00,0.000e+00, 1.732e+00, 0.000e+00, 1.342e+00,0.000e+00, 4842671
0.000e+00, 0.000e+00, 0.000e+00, 0.000e+00, 0.000e+00,0.000e+00, 1.756e+00, 0.000e+00, 1.310e+00,0.000e+00, 4862804
0.000e+00, 0.000e+00, 0.000e+00, 0.000e+00, 0.000e+00,0.000e+00, 1.776e+00, 0.000e+00, 1.023e+00,0.000e+00, 4882935
0.000e+00, 0.000e+00, 0.000e+00, 0.000e+00, 0.000e+00,0.000e+00, 1.804e+00, 0.000e+00, 1.023e+00,0.000e+00, 4903078
0.000e+00, 0.000e+00, 0.000e+00, 0.000e+00, 0.000e+00,0.000e+00, 1.832e+00, 0.000e+00, 1.438e+00,0.000e+00, 4923213
0.000e+00, 0.000e+00, 0.000e+00, 0.000e+00, 0.000e+00,0.000e+00, 1.856e+00, 0.000e+00, 1.374e+00,0.000e+00, 4943346
0.000e+00, 0.000e+00, 0.000e+00, 0.000e+00, 0.000e+00,0.000e+00, 1.888e+00, 0.000e+00, 1.534e+00,0.000e+00, 4963477
0.000e+00, 0.000e+00, 0.000e+00, 0.000e+00, 0.000e+00,0.000e+00, 1.908e+00, 0.000e+00, 1.278e+00,0.000e+00, 4983609
0.000e+00, 0.000e+00, 0.000e+00, 0.000e+00, 0.000e+00,0.000e+00, 1.937e+00, 0.000e+00, 1.406e+00,0.000e+00, 5003742
0.000e+00, 0.000e+00, 0.000e+00, 0.000e+00, 0.000e+00,0.000e+00, 1.962e+00, 0.000e+00, 1.438e+00,0.000e+00, 5023873
0.000e+00, 0.000e+00, 0.000e+00, 0.000e+00, 0.000e+00,0.000e+00, 1.986e+00, 0.000e+00, 1.438e+00,0.000e+00, 5044017
0.000e+00, 0.000e+00, 0.000e+00, 0.000e+00, 0.000e+00,0.000e+00, 2.022e+00, 0.000e+00, 1.598e+00,0.000e+00, 5064146
0.000e+00, 0.000e+00, 0.000e+00, 0.000e+00, 0.000e+00,0.000e+00, 2.060e+00, 0.000e+00, 1.822e+00,0.000e+00, 5084275
0.000e+00, 0.000e+00, 0.000e+00, 0.000e+00, 0.000e+00,0.000e+00, 2.097e+00, 0.000e+00, 1.917e+00,0.000e+00, 5104406
0.000e+00, 0.000e+00, 0.000e+00, 0.000e+00, 0.000e+00,0.000e+00, 2.131e+00, 0.000e+00, 1.758e+00,0.000e+00, 5124539
0.000e+00, 0.000e+00, 0.000e+00, 0.000e+00, 0.000e+00,0.000e+00, 2.164e+00, 0.000e+00, 1.246e+00,0.000e+00, 5144670
0.000e+00, 0.000e+00, 0.000e+00, 0.000e+00, 0.000e+00,0.000e+00, 2.191e+00, 0.000e+00, 1.374e+00,0.000e+00, 5164803
0.000e+00, 0.000e+00, 0.000e+00, 0.000e+00, 0.000e+00,0.000e+00, 2.215e+00, 0.000e+00, 1.246e+00,0.000e+00, 5184936
0.000e+00, 0.000e+00, 0.000e+00, 0.000e+00, 0.000e+00,0.000e+00, 2.239e+00, 0.000e+00, 1.214e+00,0.000e+00, 5205080
0.000e+00, 0.000e+00, 0.000e+00, 0.000e+00, 0.000e+00,0.000e+00, 2.255e+00, 0.000e+00, 6.072e-01,0.000e+00, 5225211
0.000e+00, 0.000e+00, 0.000e+00, 0.000e+00, 0.000e+00,0.000e+00, 2.270e+00, 0.000e+00, 7.031e-01,0.000e+00, 5245342
0.000e+00, 0.000e+00, 0.000e+00, 0.000e+00, 0.000e+00,0.000e+00, 2.292e+00, 0.000e+00, 1.055e+00,0.000e+00, 5265475
0.000e+00, 0.000e+00, 0.000e+00, 0.000e+00, 0.000e+00,0.000e+00, 2.312e+00, 0.000e+00, 1.119e+00,0.000e+00, 5285605
0.000e+00, 0.000e+00, 0.000e+00, 0.000e+00, 0.000e+00,0.000e+00, 2.333e+00, 0.000e+00, 1.087e+00,0.000e+00, 5305736
0.000e+00, 0.000e+00, 0.000e+00, 0.000e+00, 0.000e+00,0.000e+00, 2.353e+00, 0.000e+00, 9.907e-01,0.000e+00, 5325866
9.230e-02, 2.363e+00, -3.945e+00, -6.968e+00, -3.210e+01,1.001e-01, 2.369e+00, 4.169e+00, 7.990e-01,1.200e+01, 5346166
3.296e-01, 2.577e+00, 1.917e+00, 1.714e-01, -3.613e+01,3.387e-01, 2.585e+00, 1.090e+01, 9.044e+00,1.200e+01, 5366446
6.608e-01, 2.851e+00, 5.110e+00, 2.786e+00, -4.283e+01,6.735e-01, 2.856e+00, 1.620e+01, 1.349e+01,1.200e+01, 5386726
1.134e+00, 3.098e+00, 1.273e+01, 2.492e+00, -3.931e+01,1.139e+00, 3.105e+00, 2.277e+01, 1.234e+01,1.200e+01, 5407026
1.671e+00, 3.448e+00, 1.440e+01, 5.114e+00, -4.436e+01,1.678e+00, 3.463e+00, 2.550e+01, 1.681e+01,1.200e+01, 5427305
2.194e+00, 3.821e+00, 1.315e+01, 5.323e+00, -5.209e+01,2.201e+00, 3.832e+00, 2.614e+01, 1.841e+01,1.200e+01, 5447585
2.302e+00, 3.904e+00, 1.298e+01, 5.662e+00, -5.350e+01,2.594e+00, 4.309e+00, 2.069e+01, 2.288e+01,0.000e+00, 5467851
2.302e+00, 3.904e+00, 1.298e+01, 5.662e+00, -5.350e+01,2.775e+00, 4.812e+00, 9.621e+00, 2.521e+01,0.000e+00, 5488131
2.302e+00, 3.904e+00, 1.298e+01, 5.662e+00, -5.350e+01,2.890e+00, 5.395e+00, 5.773e+00, 2.748e+01,0.000e+00, 5508396
2.302e+00, 3.904e+00, 1.298e+01, 5.662e+00, -5.350e+01,2.894e+00, 5.956e+00, 8.018e-01, 2.828e+01,0.000e+00, 5528662
2.302e+00, 3.904e+00, 1.298e+01, 5.662e+00, -5.350e+01,2.852e+00, 6.440e+00, -2.085e+00, 2.426e+01,0.000e+00, 5548924
2.302e+00, 3.904e+00, 1.298e+01, 5.662e+00, -5.350e+01,2.867e+00, 6.903e+00, 3.207e-01, 2.336e+01,0.000e+00, 5569198
2.302e+00, 3.904e+00, 1.298e+01, 5.662e+00, -5.350e+01,2.863e+00, 7.355e+00, -1.603e-01, 2.132e+01,0.000e+00, 5589460
2.302e+00, 3.904e+00, 1.298e+01, 5.662e+00, -5.350e+01,2.863e+00, 7.758e+00, 0.000e+00, 2.007e+01,0.000e+00, 5609705
2.302e+00, 3.904e+00, 1.298e+01, 5.662e+00, -5.350e+01,2.863e+00, 8.149e+00, 0.000e+00, 1.940e+01,0.000e+00, 5629946
2.302e+00, 3.904e+00, 1.298e+01, 5.662e+00, -5.350e+01,2.863e+00, 8.495e+00, 0.000e+00, 1.748e+01,0.000e+00, 5650204
2.302e+00, 3.904e+00, 1.298e+01, 5.662e+00, -5.350e+01,2.863e+00, 8.849e+00, 0.000e+00, 1.691e+01,0.000e+00, 5670451
2.302e+00, 3.904e+00, 1.298e+01, 5.662e+00, -5.350e+01,2.863e+00, 9.176e+00, 0.000e+00, 1.639e+01,0.000e+00, 5690692
2.302e+00, 3.904e+00, 1.298e+01, 5.662e+00, -5.350e+01,2.863e+00, 9.473e+00, 0.000e+00, 1.483e+01,0.000e+00, 5710936
2.302e+00, 3.904e+00, 1.298e+01, 5.662e+00, -5.350e+01,2.863e+00, 9.761e+00, 0.000e+00, 1.448e+01,0.000e+00, 5731191
2.302e+00, 3.904e+00, 1.298e+01, 5.662e+00, -5.350e+01,2.863e+00, 1.006e+01, 0.000e+00, 1.429e+01,0.000e+00, 5751436
2.302e+00, 3.904e+00, 1.298e+01, 5.662e+00, -5.350e+01,2.859e+00, 1.039e+01, -1.604e-01, 1.607e+01,0.000e+00, 5771697
2.302e+00, 3.904e+00, 1.298e+01, 5.662e+00, -5.350e+01,2.859e+00, 1.073e+01, 0.000e+00, 1.745e+01,0.000e+00, 5791947
2.302e+00, 3.904e+00, 1.298e+01, 5.662e+00, -5.350e+01,2.859e+00, 1.111e+01, 0.000e+00, 1.844e+01,0.000e+00, 5812211
2.302e+00, 3.904e+00, 1.298e+01, 5.662e+00, -5.350e+01,2.859e+00, 1.153e+01, 0.000e+00, 1.985e+01,0.000e+00, 5832457
2.302e+00, 3.904e+00, 1.298e+01, 5.662e+00, -5.350e+01,2.859e+00, 1.195e+01, 0.000e+00, 2.090e+01,0.000e+00, 5852704
2.302e+00, 3.904e+00, 1.298e+01, 5.662e+00, -5.350e+01,2.859e+00, 1.238e+01, 0.000e+00, 2.160e+01,0.000e+00, 5872948
2.302e+00, 3.904e+00, 1.298e+01, 5.662e+00, -5.350e+01,2.859e+00, 1.281e+01, 0.000e+00, 2.106e+01,0.000e+00, 5893212
2.302e+00, 3.904e+00, 1.298e+01, 5.662e+00, -5.350e+01,2.859e+00, 1.322e+01, 0.000e+00, 1.991e+01,0.000e+00, 5913454
2.302e+00, 3.904e+00, 1.298e+01, 5.662e+00, -5.350e+01,2.863e+00, 1.358e+01, 1.604e-01, 1.812e+01,0.000e+00, 5933719
2.302e+00, 3.904e+00, 1.298e+01, 5.662e+00, -5.350e+01,2.863e+00, 1.392e+01, 0.000e+00, 1.719e+01,0.000e+00, 5953969
2.302e+00, 3.904e+00, 1.298e+01, 5.662e+00, -5.350e+01,2.863e+00, 1.423e+01, 0.000e+00, 1.560e+01,0.000e+00, 5974231
2.302e+00, 3.904e+00, 1.298e+01, 5.662e+00, -5.350e+01,2.863e+00, 1.453e+01, 0.000e+00, 1.413e+01,0.000e+00, 5994472
2.302e+00, 3.904e+00, 1.298e+01, 5.662e+00, -5.350e+01,2.863e+00, 1.477e+01, 0.000e+00, 1.227e+01,0.000e+00, 6014719
2.302e+00, 3.904e+00, 1.298e+01, 5.662e+00, -5.350e+01,2.863e+00, 1.500e+01, 0.000e+00, 1.115e+01,0.000e+00, 6034965
2.302e+00, 3.904e+00, 1.298e+01, 5.662e+00, -5.350e+01,2.863e+00, 1.521e+01, 0.000e+00, 1.067e+01,0.000e+00, 6055222
2.302e+00, 3.904e+00, 1.298e+01, 5.662e+00, -5.350e+01,2.863e+00, 1.540e+01, 0.000e+00, 9.428e+00,0.000e+00, 6075462
2.302e+00, 3.904e+00, 1.298e+01, 5.662e+00, -5.350e+01,2.863e+00, 1.558e+01, 0.000e+00, 8.373e+00,0.000e+00, 6095710
2.302e+00, 3.904e+00, 1.298e+01, 5.662e+00, -5.350e+01,2.863e+00, 1.575e+01, 0.000e+00, 8.565e+00,0.000e+00, 6115951
2.302e+00, 3.904e+00, 1.298e+01, 5.662e+00, -5.350e+01,2.863e+00, 1.594e+01, 0.000e+00, 9.300e+00,0.000e+00, 6136206
2.302e+00, 3.904e+00, 1.298e+01, 5.662e+00, -5.350e+01,2.863e+00, 1.613e+01, 0.000e+00, 9.172e+00,0.000e+00, 6156449
2.302e+00, 3.904e+00, 1.298e+01, 5.662e+00, -5.350e+01,2.863e+00, 1.633e+01, 0.000e+00, 9.907e+00,0.000e+00, 6176693
2.302e+00, 3.904e+00, 1.298e+01, 5.662e+00, -5.350e+01,2.863e+00, 1.656e+01, 0.000e+00, 1.071e+01,0.000e+00, 6196933
2.302e+00, 3.904e+00, 1.298e+01, 5.662e+00, -5.350e+01,2.863e+00, 1.680e+01, 0.000e+00, 1.208e+01,0.000e+00, 6217194
2.302e+00, 3.904e+00, 1.298e+01, 5.662e+00, -5.350e+01,2.859e+00, 1.708e+01, -1.604e-01, 1.349e+01,0.000e+00, 6237457
2.302e+00, 3.904e+00, 1.298e+01, 5.662e+00, -5.350e+01,2.859e+00, 1.739e+01, 0.000e+00, 1.515e+01,0.000e+00, 6257706
2.302e+00, 3.904e+00, 1.298e+01, 5.662e+00, -5.350e+01,2.859e+00, 1.773e+01, 0.000e+00, 1.655e+01,0.000e+00, 6277958
2.302e+00, 3.904e+00, 1.298e+01, 5.662e+00, -5.350e+01,2.859e+00, 1.808e+01, 0.000e+00, 1.764e+01,0.000e+00, 6298217
2.302e+00, 3.904e+00, 1.298e+01, 5.662e+00, -5.350e+01,2.859e+00, 1.848e+01, 0.000e+00, 1.895e+01,0.000e+00, 6318465
2.302e+00, 3.904e+00, 1.298e+01, 5.662e+00, -5.350e+01,2.859e+00, 1.885e+01, 0.000e+00, 1.847e+01,0.000e+00, 6338714
2.302e+00, 3.904e+00, 1.298e+01, 5.662e+00, -5.350e+01,2.859e+00, 1.922e+01, 0.000e+00, 1.879e+01,0.000e+00, 6358959
2.302e+00, 3.904e+00, 1.298e+01, 5.662e+00, -5.350e+01,2.859e+00, 1.955e+01, 0.000e+00, 1.687e+01,0.000e+00, 6379220
2.302e+00, 3.904e+00, 1.298e+01, 5.662e+00, -5.350e+01,2.863e+00, 1.988e+01, 1.604e-01, 1.534e+01,0.000e+00, 6399485
2.302e+00, 3.904e+00, 1.298e+01, 5.662e+00, -5.350e+01,2.863e+00, 2.016e+01, 0.000e+00, 1.413e+01,0.000e+00, 6419727
2.302e+00, 3.904e+00, 1.298e+01, 5.662e+00, -5.350e+01,2.863e+00, 2.041e+01, 0.000e+00, 1.256e+01,0.000e+00, 6439972
2.302e+00, 3.904e+00, 1.298e+01, 5.662e+00, -5.350e+01,2.863e+00, 2.063e+01, 0.000e+00, 1.135e+01,0.000e+00, 6460229
2.302e+00, 3.904e+00, 1.298e+01, 5.662e+00, -5.350e+01,2.863e+00, 2.082e+01, 0.000e+00, 9.396e+00,0.000e+00, 6480474
2.302e+00, 3.904e+00, 1.298e+01, 5.662e+00, -5.350e+01,2.863e+00, 2.097e+01, 0.000e+00, 7.670e+00,0.000e+00, 6500718
2.302e+00, 3.904e+00, 1.298e+01, 5.662e+00, -5.350e+01,2.863e+00, 2.110e+01, 0.000e+00, 6.519e+00,0.000e+00, 6520959
2.302e+00, 3.904e+00, 1.298e+01, 5.662e+00, -5.350e+01,2.863e+00, 2.121e+01, 0.000e+00, 5.273e+00,0.000e+00, 6541214
2.302e+00, 3.904e+00, 1.298e+01, 5.662e+00, -5.350e+01,2.863e+00, 2.129e+01, 0.000e+00, 4.091e+00,0.000e+00, 6561457
2.302e+00, 3.904e+00, 1.298e+01, 5.662e+00, -5.350e+01,2.863e+00, 2.135e+01, 0.000e+00, 3.164e+00,0.000e+00, 6581693
2.302e+00, 3.904e+00, 1.298e+01, 5.662e+00, -5.350e+01,2.863e+00, 2.139e+01, 0.000e+00, 2.301e+00,0.000e+00, 6601933
2.302e+00, 3.904e+00, 1.298e+01, 5.662e+00, -5.350e+01,2.863e+00, 2.142e+01, 0.000e+00, 1.662e+00,0.000e+00, 6622186
2.302e+00, 3.904e+00, 1.298e+01, 5.662e+00, -5.350e+01,2.863e+00, 2.144e+01, 0.000e+00, 8.628e-01,0.000e+00, 6642431
2.302e+00, 3.904e+00, 1.298e+01, 5.662e+00, -5.350e+01,2.863e+00, 2.144e+01, 0.000e+00, 1.278e-01,0.000e+00, 6662674
2.302e+00, 3.904e+00, 1.298e+01, 5.662e+00, -5.350e+01,2.863e+00, 2.143e+01, 0.000e+00, -5.433e-01,0.000e+00, 6682915
2.302e+00, 3.904e+00, 1.298e+01, 5.662e+00, -5.350e+01,2.863e+00, 2.140e+01, 0.000e+00, -1.342e+00,0.000e+00, 6703169
2.302e+00, 3.904e+00, 1.298e+01, 5.662e+00, -5.350e+01,2.863e+00, 2.136e+01, 0.000e+00, -2.205e+00,0.000e+00, 6723411
2.302e+00, 3.904e+00, 1.298e+01, 5.662e+00, -5.350e+01,2.863e+00, 2.129e+01, 0.000e+00, -2.908e+00,0.000e+00, 6743656
2.302e+00, 3.904e+00, 1.298e+01, 5.662e+00, -5.350e+01,2.863e+00, 2.123e+01, 0.000e+00, -3.515e+00,0.000e+00, 6763898
2.302e+00, 3.904e+00, 1.298e+01, 5.662e+00, -5.350e+01,2.863e+00, 2.112e+01, 0.000e+00, -4.762e+00,0.000e+00, 6784153
2.302e+00, 3.904e+00, 1.298e+01, 5.662e+00, -5.350e+01,2.863e+00, 2.099e+01, 0.000e+00, -5.976e+00,0.000e+00, 6804398
2.302e+00, 3.904e+00, 1.298e+01, 5.662e+00, -5.350e+01,2.863e+00, 2.085e+01, 0.000e+00, -7.095e+00,0.000e+00, 6824641
2.302e+00, 3.904e+00, 1.298e+01, 5.662e+00, -5.350e+01,2.863e+00, 2.067e+01, 0.000e+00, -8.629e+00,0.000e+00, 6844884
2.302e+00, 3.904e+00, 1.298e+01, 5.662e+00, -5.350e+01,2.863e+00, 2.047e+01, 0.000e+00, -1.003e+01,0.000e+00, 6865147
2.302e+00, 3.904e+00, 1.298e+01, 5.662e+00, -5.350e+01,2.863e+00, 2.022e+01, 0.000e+00, -1.144e+01,0.000e+00, 6885391
2.302e+00, 3.904e+00, 1.298e+01, 5.662e+00, -5.350e+01,2.863e+00, 1.996e+01, 0.000e+00, -1.320e+01,0.000e+00, 6905641
2.302e+00, 3.904e+00, 1.298e+01, 5.662e+00, -5.350e+01,2.863e+00, 1.967e+01, 0.000e+00, -1.419e+01,0.000e+00, 6925890
2.302e+00, 3.904e+00, 1.298e+01, 5.662e+00, -5.350e+01,2.863e+00, 1.939e+01, 0.000e+00, -1.422e+01,0.000e+00, 6946157
2.302e+00, 3.904e+00, 1.298e+01, 5.662e+00, -5.350e+01,2.863e+00, 1.906e+01, 0.000e+00, -1.505e+01,0.000e+00, 6966406
2.302e+00, 3.904e+00, 1.298e+01, 5.662e+00, -5.350e+01,2.863e+00, 1.875e+01, 0.000e+00, -1.598e+01,0.000e+00, 6986653
2.302e+00, 3.904e+00, 1.298e+01, 5.662e+00, -5.350e+01,2.863e+00, 1.845e+01, 0.000e+00, -1.492e+01,0.000e+00, 7006902
2.302e+00, 3.904e+00, 1.298e+01, 5.662e+00, -5.350e+01,2.863e+00, 1.816e+01, 0.000e+00, -1.435e+01,0.000e+00, 7027164
2.302e+00, 3.904e+00, 1.298e+01, 5.662e+00, -5.350e+01,2.859e+00, 1.789e+01, -1.604e-01, -1.291e+01,0.000e+00, 7047429
2.302e+00, 3.904e+00, 1.298e+01, 5.662e+00, -5.350e+01,2.859e+00, 1.765e+01, 0.000e+00, -1.170e+01,0.000e+00, 7067676
2.302e+00, 3.904e+00, 1.298e+01, 5.662e+00, -5.350e+01,2.859e+00, 1.743e+01, 0.000e+00, -1.087e+01,0.000e+00, 7087922
2.302e+00, 3.904e+00, 1.298e+01, 5.662e+00, -5.350e+01,2.859e+00, 1.725e+01, 0.000e+00, -9.268e+00,0.000e+00, 7108179
2.302e+00, 3.904e+00, 1.298e+01, 5.662e+00, -5.350e+01,2.859e+00, 1.710e+01, 0.000e+00, -7.159e+00,0.000e+00, 7128417
2.302e+00, 3.904e+00, 1.298e+01, 5.662e+00, -5.350e+01,2.859e+00, 1.699e+01, 0.000e+00, -5.593e+00,0.000e+00, 7148661
2.302e+00, 3.904e+00, 1.298e+01, 5.662e+00, -5.350e+01,2.859e+00, 1.692e+01, 0.000e+00, -3.963e+00,0.000e+00, 7168900
2.302e+00, 3.904e+00, 1.298e+01, 5.662e+00, -5.350e+01,2.859e+00, 1.688e+01, 0.000e+00, -2.333e+00,0.000e+00, 7189153
2.302e+00, 3.904e+00, 1.298e+01, 5.662e+00, -5.350e+01,2.859e+00, 1.686e+01, 0.000e+00, -8.309e-01,0.000e+00, 7209394
2.302e+00, 3.904e+00, 1.298e+01, 5.662e+00, -5.350e+01,2.859e+00, 1.688e+01, 0.000e+00, 8.628e-01,0.000e+00, 7229643
2.302e+00, 3.904e+00, 1.298e+01, 5.662e+00, -5.350e+01,2.859e+00, 1.694e+01, 0.000e+00, 2.461e+00,0.000e+00, 7249882
2.302e+00, 3.904e+00, 1.298e+01, 5.662e+00, -5.350e+01,2.859e+00, 1.702e+01, 0.000e+00, 3.963e+00,0.000e+00, 7270138
2.302e+00, 3.904e+00, 1.298e+01, 5.662e+00, -5.350e+01,2.859e+00, 1.714e+01, 0.000e+00, 5.465e+00,0.000e+00, 7290377
2.302e+00, 3.904e+00, 1.298e+01, 5.662e+00, -5.350e+01,2.859e+00, 1.728e+01, 0.000e+00, 7.159e+00,0.000e+00, 7310622
2.302e+00, 3.904e+00, 1.298e+01, 5.662e+00, -5.350e+01,2.859e+00, 1.746e+01, 0.000e+00, 8.597e+00,0.000e+00, 7330868
2.302e+00, 3.904e+00, 1.298e+01, 5.662e+00, -5.350e+01,2.859e+00, 1.768e+01, 0.000e+00, 1.064e+01,0.000e+00, 7351131
2.302e+00, 3.904e+00, 1.298e+01, 5.662e+00, -5.350e+01,2.859e+00, 1.791e+01, 0.000e+00, 1.135e+01,0.000e+00, 7371378
2.302e+00, 3.904e+00, 1.298e+01, 5.662e+00, -5.350e+01,2.859e+00, 1.816e+01, 0.000e+00, 1.253e+01,0.000e+00, 7391625
2.302e+00, 3.904e+00, 1.298e+01, 5.662e+00, -5.350e+01,2.859e+00, 1.844e+01, 0.000e+00, 1.361e+01,0.000e+00, 7411871
2.302e+00, 3.904e+00, 1.298e+01, 5.662e+00, -5.350e+01,2.859e+00, 1.871e+01, 0.000e+00, 1.365e+01,0.000e+00, 7432130
2.302e+00, 3.904e+00, 1.298e+01, 5.662e+00, -5.350e+01,2.859e+00, 1.900e+01, 0.000e+00, 1.387e+01,0.000e+00, 7452373
2.302e+00, 3.904e+00, 1.298e+01, 5.662e+00, -5.350e+01,2.859e+00, 1.926e+01, 0.000e+00, 1.326e+01,0.000e+00, 7472621
2.302e+00, 3.904e+00, 1.298e+01, 5.662e+00, -5.350e+01,2.859e+00, 1.949e+01, 0.000e+00, 1.170e+01,0.000e+00, 7492865
2.302e+00, 3.904e+00, 1.298e+01, 5.662e+00, -5.350e+01,2.859e+00, 1.969e+01, 0.000e+00, 1.035e+01,0.000e+00, 7513126
2.302e+00, 3.904e+00, 1.298e+01, 5.662e+00, -5.350e+01,2.863e+00, 1.989e+01, 1.604e-01, 9.204e+00,0.000e+00, 7533379
2.302e+00, 3.904e+00, 1.298e+01, 5.662e+00, -5.350e+01,2.863e+00, 2.004e+01, 0.000e+00, 7.670e+00,0.000e+00, 7553621
2.302e+00, 3.904e+00, 1.298e+01, 5.662e+00, -5.350e+01,2.863e+00, 2.017e+01, 0.000e+00, 6.168e+00,0.000e+00, 7573858
2.302e+00, 3.904e+00, 1.298e+01, 5.662e+00, -5.350e+01,2.863e+00, 2.025e+01, 0.000e+00, 4.634e+00,0.000e+00, 7594112
2.302e+00, 3.904e+00, 1.298e+01, 5.662e+00, -5.350e+01,2.863e+00, 2.031e+01, 0.000e+00, 2.780e+00,0.000e+00, 7614353
2.302e+00, 3.904e+00, 1.298e+01, 5.662e+00, -5.350e+01,2.863e+00, 2.033e+01, 0.000e+00, 8.629e-01,0.000e+00, 7634594
2.302e+00, 3.904e+00, 1.298e+01, 5.662e+00, -5.350e+01,2.863e+00, 2.031e+01, 0.000e+00, -4.793e-01,0.000e+00, 7654838
2.302e+00, 3.904e+00, 1.298e+01, 5.662e+00, -5.350e+01,2.863e+00, 2.027e+01, 0.000e+00, -2.077e+00,0.000e+00, 7675095
2.302e+00, 3.904e+00, 1.298e+01, 5.662e+00, -5.350e+01,2.863e+00, 2.018e+01, 0.000e+00, -3.867e+00,0.000e+00, 7695333
2.302e+00, 3.904e+00, 1.298e+01, 5.662e+00, -5.350e+01,2.863e+00, 2.007e+01, 0.000e+00, -5.497e+00,0.000e+00, 7715575
2.302e+00, 3.904e+00, 1.298e+01, 5.662e+00, -5.350e+01,2.863e+00, 1.993e+01, 0.000e+00, -6.903e+00,0.000e+00, 7735819
2.302e+00, 3.904e+00, 1.298e+01, 5.662e+00, -5.350e+01,2.863e+00, 1.975e+01, 0.000e+00, -8.661e+00,0.000e+00, 7756073
2.302e+00, 3.904e+00, 1.298e+01, 5.662e+00, -5.350e+01,2.863e+00, 1.954e+01, 0.000e+00, -1.000e+01,0.000e+00, 7776319
2.302e+00, 3.904e+00, 1.298e+01, 5.662e+00, -5.350e+01,2.863e+00, 1.934e+01, 0.000e+00, -1.023e+01,0.000e+00, 7796569
2.302e+00, 3.904e+00, 1.298e+01, 5.662e+00, -5.350e+01,2.863e+00, 1.912e+01, 0.000e+00, -1.135e+01,0.000e+00, 7816812
2.302e+00, 3.904e+00, 1.298e+01, 5.662e+00, -5.350e+01,2.863e+00, 1.887e+01, 0.000e+00, -1.250e+01,0.000e+00, 7837074
2.302e+00, 3.904e+00, 1.298e+01, 5.662e+00, -5.350e+01,2.863e+00, 1.863e+01, 0.000e+00, -1.176e+01,0.000e+00, 7857319
2.302e+00, 3.904e+00, 1.298e+01, 5.662e+00, -5.350e+01,2.863e+00, 1.840e+01, 0.000e+00, -1.125e+01,0.000e+00, 7877564
2.302e+00, 3.904e+00, 1.298e+01, 5.662e+00, -5.350e+01,2.863e+00, 1.821e+01, 0.000e+00, -1.042e+01,0.000e+00, 7897810
2.302e+00, 3.904e+00, 1.298e+01, 5.662e+00, -5.350e+01,2.859e+00, 1.802e+01, -1.604e-01, -9.236e+00,0.000e+00, 7918083
2.302e+00, 3.904e+00, 1.298e+01, 5.662e+00, -5.350e+01,2.859e+00, 1.784e+01, 0.000e+00, -8.405e+00,0.000e+00, 7938327
2.302e+00, 3.904e+00, 1.298e+01, 5.662e+00, -5.350e+01,2.859e+00, 1.770e+01, 0.000e+00, -7.286e+00,0.000e+00, 7958572
2.302e+00, 3.904e+00, 1.298e+01, 5.662e+00, -5.350e+01,2.859e+00, 1.758e+01, 0.000e+00, -5.976e+00,0.000e+00, 7978816
2.302e+00, 3.904e+00, 1.298e+01, 5.662e+00, -5.350e+01,2.859e+00, 1.751e+01, 0.000e+00, -4.059e+00,0.000e+00, 7999068
2.302e+00, 3.904e+00, 1.298e+01, 5.662e+00, -5.350e+01,2.859e+00, 1.745e+01, 0.000e+00, -2.589e+00,0.000e+00, 8019309
2.302e+00, 3.904e+00, 1.298e+01, 5.662e+00, -5.350e+01,2.859e+00, 1.743e+01, 0.000e+00, -8.629e-01,0.000e+00, 8039554
2.302e+00, 3.904e+00, 1.298e+01, 5.662e+00, -5.350e+01,2.859e+00, 1.745e+01, 0.000e+00, 6.392e-01,0.000e+00, 8059795
2.302e+00, 3.904e+00, 1.298e+01, 5.662e+00, -5.350e+01,2.859e+00, 1.751e+01, 0.000e+00, 2.716e+00,0.000e+00, 8080053
2.302e+00, 3.904e+00, 1.298e+01, 5.662e+00, -5.350e+01,2.859e+00, 1.758e+01, 0.000e+00, 3.771e+00,0.000e+00, 8100297
2.302e+00, 3.904e+00, 1.298e+01, 5.662e+00, -5.350e+01,2.859e+00, 1.769e+01, 0.000e+00, 5.497e+00,0.000e+00, 8120538
2.302e+00, 3.904e+00, 1.298e+01, 5.662e+00, -5.350e+01,2.859e+00, 1.782e+01, 0.000e+00, 6.647e+00,0.000e+00, 8140782
2.302e+00, 3.904e+00, 1.298e+01, 5.662e+00, -5.350e+01,2.859e+00, 1.798e+01, 0.000e+00, 7.798e+00,0.000e+00, 8161036
2.302e+00, 3.904e+00, 1.298e+01, 5.662e+00, -5.350e+01,2.859e+00, 1.817e+01, 0.000e+00, 8.789e+00,0.000e+00, 8181279
2.302e+00, 3.904e+00, 1.298e+01, 5.662e+00, -5.350e+01,2.859e+00, 1.837e+01, 0.000e+00, 9.907e+00,0.000e+00, 8201522
2.302e+00, 3.904e+00, 1.298e+01, 5.662e+00, -5.350e+01,2.859e+00, 1.858e+01, 0.000e+00, 1.055e+01,0.000e+00, 8221767
2.302e+00, 3.904e+00, 1.298e+01, 5.662e+00, -5.350e+01,2.859e+00, 1.879e+01, 0.000e+00, 1.023e+01,0.000e+00, 8242022
2.302e+00, 3.904e+00, 1.298e+01, 5.662e+00, -5.350e+01,2.859e+00, 1.900e+01, 0.000e+00, 1.042e+01,0.000e+00, 8262267
2.302e+00, 3.904e+00, 1.298e+01, 5.662e+00, -5.350e+01,2.859e+00, 1.920e+01, 0.000e+00, 9.971e+00,0.000e+00, 8282512
2.302e+00, 3.904e+00, 1.298e+01, 5.662e+00, -5.350e+01,2.859e+00, 1.937e+01, 0.000e+00, 8.756e+00,0.000e+00, 8302759
2.302e+00, 3.904e+00, 1.298e+01, 5.662e+00, -5.350e+01,2.859e+00, 1.952e+01, 0.000e+00, 7.350e+00,0.000e+00, 8323017
2.302e+00, 3.904e+00, 1.298e+01, 5.662e+00, -5.350e+01,2.859e+00, 1.964e+01, 0.000e+00, 5.720e+00,0.000e+00, 8343261
2.302e+00, 3.904e+00, 1.298e+01, 5.662e+00, -5.350e+01,2.863e+00, 1.975e+01, 1.604e-01, 5.081e+00,0.000e+00, 8363521
2.302e+00, 3.904e+00, 1.298e+01, 5.662e+00, -5.350e+01,2.863e+00, 1.982e+01, 0.000e+00, 3.931e+00,0.000e+00, 8383768
2.302e+00, 3.904e+00, 1.298e+01, 5.662e+00, -5.350e+01,2.863e+00, 1.987e+01, 0.000e+00, 2.397e+00,0.000e+00, 8404021
2.302e+00, 3.904e+00, 1.298e+01, 5.662e+00, -5.350e+01,2.863e+00, 1.988e+01, 0.000e+00, 7.350e-01,0.000e+00, 8424262
2.302e+00, 3.904e+00, 1.298e+01, 5.662e+00, -5.350e+01,2.863e+00, 1.987e+01, 0.000e+00, -7.030e-01,0.000e+00, 8444504
2.302e+00, 3.904e+00, 1.298e+01, 5.662e+00, -5.350e+01,2.863e+00, 1.982e+01, 0.000e+00, -2.141e+00,0.000e+00, 8464746
2.302e+00, 3.904e+00, 1.298e+01, 5.662e+00, -5.350e+01,2.863e+00, 1.975e+01, 0.000e+00, -3.803e+00,0.000e+00, 8485000
2.302e+00, 3.904e+00, 1.298e+01, 5.662e+00, -5.350e+01,2.863e+00, 1.964e+01, 0.000e+00, -4.794e+00,0.000e+00, 8505241
2.302e+00, 3.904e+00, 1.298e+01, 5.662e+00, -5.350e+01,2.863e+00, 1.952e+01, 0.000e+00, -5.880e+00,0.000e+00, 8525487
2.302e+00, 3.904e+00, 1.298e+01, 5.662e+00, -5.350e+01,2.863e+00, 1.939e+01, 0.000e+00, -6.807e+00,0.000e+00, 8545730
2.302e+00, 3.904e+00, 1.298e+01, 5.662e+00, -5.350e+01,2.863e+00, 1.923e+01, 0.000e+00, -7.830e+00,0.000e+00, 8565970
2.302e+00, 3.904e+00, 1.298e+01, 5.662e+00, -5.350e+01,2.863e+00, 1.905e+01, 0.000e+00, -8.437e+00,0.000e+00, 8586223
2.302e+00, 3.904e+00, 1.298e+01, 5.662e+00, -5.350e+01,2.863e+00, 1.886e+01, 0.000e+00, -8.980e+00,0.000e+00, 8606467
2.302e+00, 3.904e+00, 1.298e+01, 5.662e+00, -5.350e+01,2.863e+00, 1.869e+01, 0.000e+00, -9.012e+00,0.000e+00, 8626712
2.302e+00, 3.904e+00, 1.298e+01, 5.662e+00, -5.350e+01,2.863e+00, 1.852e+01, 0.000e+00, -8.405e+00,0.000e+00, 8646953
2.302e+00, 3.904e+00, 1.298e+01, 5.662e+00, -5.350e+01,2.863e+00, 1.836e+01, 0.000e+00, -8.022e+00,0.000e+00, 8667206
2.302e+00, 3.904e+00, 1.298e+01, 5.662e+00, -5.350e+01,2.863e+00, 1.821e+01, 0.000e+00, -7.127e+00,0.000e+00, 8687453
2.302e+00, 3.904e+00, 1.298e+01, 5.662e+00, -5.350e+01,2.863e+00, 1.809e+01, 0.000e+00, -6.328e+00,0.000e+00, 8707694
2.302e+00, 3.904e+00, 1.298e+01, 5.662e+00, -5.350e+01,2.859e+00, 1.799e+01, -1.604e-01, -5.369e+00,0.000e+00, 8727952
2.302e+00, 3.904e+00, 1.298e+01, 5.662e+00, -5.350e+01,2.859e+00, 1.790e+01, 0.000e+00, -4.602e+00,0.000e+00, 8748206
2.302e+00, 3.904e+00, 1.298e+01, 5.662e+00, -5.350e+01,2.859e+00, 1.784e+01, 0.000e+00, -2.972e+00,0.000e+00, 8768449
2.302e+00, 3.904e+00, 1.298e+01, 5.662e+00, -5.350e+01,2.859e+00, 1.781e+01, 0.000e+00, -1.662e+00,0.000e+00, 8788691
2.302e+00, 3.904e+00, 1.298e+01, 5.662e+00, -5.350e+01,2.859e+00, 1.781e+01, 0.000e+00, -3.835e-01,0.000e+00, 8808932
2.302e+00, 3.904e+00, 1.298e+01, 5.662e+00, -5.350e+01,2.859e+00, 1.783e+01, 0.000e+00, 9.267e-01,0.000e+00, 8829187
2.302e+00, 3.904e+00, 1.298e+01, 5.662e+00, -5.350e+01,2.859e+00, 1.788e+01, 0.000e+00, 2.045e+00,0.000e+00, 8849425
2.302e+00, 3.904e+00, 1.298e+01, 5.662e+00, -5.350e+01,2.859e+00, 1.795e+01, 0.000e+00, 3.388e+00,0.000e+00, 8869667
2.302e+00, 3.904e+00, 1.298e+01, 5.662e+00, -5.350e+01,2.859e+00, 1.804e+01, 0.000e+00, 4.698e+00,0.000e+00, 8889908
2.302e+00, 3.904e+00, 1.298e+01, 5.662e+00, -5.350e+01,2.859e+00, 1.816e+01, 0.000e+00, 5.657e+00,0.000e+00, 8910163
2.302e+00, 3.904e+00, 1.298e+01, 5.662e+00, -5.350e+01,2.859e+00, 1.830e+01, 0.000e+00, 6.807e+00,0.000e+00, 8930405
2.302e+00, 3.904e+00, 1.298e+01, 5.662e+00, -5.350e+01,2.859e+00, 1.845e+01, 0.000e+00, 6.967e+00,0.000e+00, 8950645
2.302e+00, 3.904e+00, 1.298e+01, 5.662e+00, -5.350e+01,2.859e+00, 1.860e+01, 0.000e+00, 7.766e+00,0.000e+00, 8970884
2.302e+00, 3.904e+00, 1.298e+01, 5.662e+00, -5.350e+01,2.859e+00, 1.875e+01, 0.000e+00, 7.574e+00,0.000e+00, 8991138
2.302e+00, 3.904e+00, 1.298e+01, 5.662e+00, -5.350e+01,2.859e+00, 1.891e+01, 0.000e+00, 7.766e+00,0.000e+00, 9011380
2.302e+00, 3.904e+00, 1.298e+01, 5.662e+00, -5.350e+01,2.859e+00, 1.906e+01, 0.000e+00, 7.254e+00,0.000e+00, 9031622
2.302e+00, 3.904e+00, 1.298e+01, 5.662e+00, -5.350e+01,2.859e+00, 1.919e+01, 0.000e+00, 6.807e+00,0.000e+00, 9051866
2.302e+00, 3.904e+00, 1.298e+01, 5.662e+00, -5.350e+01,2.859e+00, 1.931e+01, 0.000e+00, 5.848e+00,0.000e+00, 9072120
2.302e+00, 3.904e+00, 1.298e+01, 5.662e+00, -5.350e+01,2.859e+00, 1.940e+01, 0.000e+00, 4.346e+00,0.000e+00, 9092364
2.302e+00, 3.904e+00, 1.298e+01, 5.662e+00, -5.350e+01,2.863e+00, 1.947e+01, 0.000e+00, 3.579e+00,0.000e+00, 9112609
2.302e+00, 3.904e+00, 1.298e+01, 5.662e+00, -5.350e+01,2.859e+00, 1.952e+01, 0.000e+00, 2.429e+00,0.000e+00, 9132849
2.302e+00, 3.904e+00, 1.298e+01, 5.662e+00, -5.350e+01,2.859e+00, 1.953e+01, -1.604e-01, 9.588e-01,0.000e+00, 9153123
2.302e+00, 3.904e+00, 1.298e+01, 5.662e+00, -5.350e+01,2.863e+00, 1.954e+01, 1.604e-01, 2.876e-01,0.000e+00, 9173380
2.302e+00, 3.904e+00, 1.298e+01, 5.662e+00, -5.350e+01,2.859e+00, 1.952e+01, -1.604e-01, -6.711e-01,0.000e+00, 9193639
2.302e+00, 3.904e+00, 1.298e+01, 5.662e+00, -5.350e+01,2.859e+00, 1.949e+01, 0.000e+00, -1.694e+00,0.000e+00, 9213881
2.302e+00, 3.904e+00, 1.298e+01, 5.662e+00, -5.350e+01,2.859e+00, 1.943e+01, -1.604e-01, -2.780e+00,0.000e+00, 9234153
2.302e+00, 3.904e+00, 1.298e+01, 5.662e+00, -5.350e+01,2.859e+00, 1.935e+01, 0.000e+00, -3.707e+00,0.000e+00, 9254393
2.302e+00, 3.904e+00, 1.298e+01, 5.662e+00, -5.350e+01,2.859e+00, 1.926e+01, 0.000e+00, -4.474e+00,0.000e+00, 9274636
2.302e+00, 3.904e+00, 1.298e+01, 5.662e+00, -5.350e+01,2.859e+00, 1.914e+01, 0.000e+00, -5.401e+00,0.000e+00, 9294877
2.302e+00, 3.904e+00, 1.298e+01, 5.662e+00, -5.350e+01,2.859e+00, 1.902e+01, 0.000e+00, -6.008e+00,0.000e+00, 9315138
2.302e+00, 3.904e+00, 1.298e+01, 5.662e+00, -5.350e+01,2.859e+00, 1.889e+01, 0.000e+00, -6.519e+00,0.000e+00, 9335383
2.302e+00, 3.904e+00, 1.298e+01, 5.662e+00, -5.350e+01,2.859e+00, 1.877e+01, 0.000e+00, -6.392e+00,0.000e+00, 9355623
2.302e+00, 3.904e+00, 1.298e+01, 5.662e+00, -5.350e+01,2.859e+00, 1.865e+01, 0.000e+00, -6.040e+00,0.000e+00, 9375868
2.302e+00, 3.904e+00, 1.298e+01, 5.662e+00, -5.350e+01,2.859e+00, 1.853e+01, -1.604e-01, -5.976e+00,0.000e+00, 9396143
2.302e+00, 3.904e+00, 1.298e+01, 5.662e+00, -5.350e+01,2.859e+00, 1.843e+01, 0.000e+00, -5.465e+00,0.000e+00, 9416383
2.302e+00, 3.904e+00, 1.298e+01, 5.662e+00, -5.350e+01,2.859e+00, 1.835e+01, 0.000e+00, -4.314e+00,0.000e+00, 9436627
2.302e+00, 3.904e+00, 1.298e+01, 5.662e+00, -5.350e+01,2.859e+00, 1.827e+01, 0.000e+00, -3.803e+00,0.000e+00, 9456869
2.302e+00, 3.904e+00, 1.298e+01, 5.662e+00, -5.350e+01,2.859e+00, 1.821e+01, 0.000e+00, -3.004e+00,0.000e+00, 9477124
2.302e+00, 3.904e+00, 1.298e+01, 5.662e+00, -5.350e+01,2.859e+00, 1.816e+01, 0.000e+00, -2.525e+00,0.000e+00, 9497361
2.302e+00, 3.904e+00, 1.298e+01, 5.662e+00, -5.350e+01,2.863e+00, 1.814e+01, 1.604e-01, -1.342e+00,0.000e+00, 9517633
2.302e+00, 3.904e+00, 1.298e+01, 5.662e+00, -5.350e+01,2.859e+00, 1.813e+01, 0.000e+00, -4.154e-01,0.000e+00, 9537875
2.302e+00, 3.904e+00, 1.298e+01, 5.662e+00, -5.350e+01,2.859e+00, 1.814e+01, 0.000e+00, 4.794e-01,0.000e+00, 9558129
2.302e+00, 3.904e+00, 1.298e+01, 5.662e+00, -5.350e+01,2.859e+00, 1.817e+01, 0.000e+00, 1.310e+00,0.000e+00, 9578371
2.302e+00, 3.904e+00, 1.298e+01, 5.662e+00, -5.350e+01,2.863e+00, 1.822e+01, 0.000e+00, 2.173e+00,0.000e+00, 9598619
2.302e+00, 3.904e+00, 1.298e+01, 5.662e+00, -5.350e+01,2.863e+00, 1.829e+01, 1.604e-01, 3.483e+00,0.000e+00, 9618877
2.302e+00, 3.904e+00, 1.298e+01, 5.662e+00, -5.350e+01,2.859e+00, 1.836e+01, -1.604e-01, 3.771e+00,0.000e+00, 9639149
2.302e+00, 3.904e+00, 1.298e+01, 5.662e+00, -5.350e+01,2.859e+00, 1.845e+01, -1.604e-01, 4.346e+00,0.000e+00, 9659409
2.302e+00, 3.904e+00, 1.298e+01, 5.662e+00, -5.350e+01,2.859e+00, 1.855e+01, -1.604e-01, 4.570e+00,0.000e+00, 9679672
2.302e+00, 3.904e+00, 1.298e+01, 5.662e+00, -5.350e+01,2.859e+00, 1.865e+01, 0.000e+00, 4.985e+00,0.000e+00, 9699918
2.302e+00, 3.904e+00, 1.298e+01, 5.662e+00, -5.350e+01,2.863e+00, 1.875e+01, 0.000e+00, 5.145e+00,0.000e+00, 9720176
2.302e+00, 3.904e+00, 1.298e+01, 5.662e+00, -5.350e+01,2.859e+00, 1.885e+01, 0.000e+00, 4.922e+00,0.000e+00, 9740416
2.302e+00, 3.904e+00, 1.298e+01, 5.662e+00, -5.350e+01,2.859e+00, 1.896e+01, 0.000e+00, 5.049e+00,0.000e+00, 9760658
2.302e+00, 3.904e+00, 1.298e+01, 5.662e+00, -5.350e+01,2.859e+00, 1.904e+01, 0.000e+00, 4.059e+00,0.000e+00, 9780896
2.302e+00, 3.904e+00, 1.298e+01, 5.662e+00, -5.350e+01,2.859e+00, 1.912e+01, 0.000e+00, 3.803e+00,0.000e+00, 9801149
2.302e+00, 3.904e+00, 1.298e+01, 5.662e+00, -5.350e+01,2.859e+00, 1.918e+01, -1.604e-01, 3.100e+00,0.000e+00, 9821403
2.302e+00, 3.904e+00, 1.298e+01, 5.662e+00, -5.350e+01,2.859e+00, 1.923e+01, 0.000e+00, 2.365e+00,0.000e+00, 9841644
2.302e+00, 3.904e+00, 1.298e+01, 5.662e+00, -5.350e+01,2.859e+00, 1.925e+01, 0.000e+00, 1.470e+00,0.000e+00, 9861884
2.302e+00, 3.904e+00, 1.298e+01, 5.662e+00, -5.350e+01,2.859e+00, 1.926e+01, 0.000e+00, 3.835e-01,0.000e+00, 9882138
2.302e+00, 3.904e+00, 1.298e+01, 5.662e+00, -5.350e+01,2.859e+00, 1.926e+01, 0.000e+00, -2.557e-01,0.000e+00, 9902383
2.302e+00, 3.904e+00, 1.298e+01, 5.662e+00, -5.350e+01,2.859e+00, 1.924e+01, 0.000e+00, -7.350e-01,0.000e+00, 9922624
2.302e+00, 3.904e+00, 1.298e+01, 5.662e+00, -5.350e+01,2.859e+00, 1.920e+01, 0.000e+00, -1.598e+00,0.000e+00, 9942867
2.302e+00, 3.904e+00, 1.298e+01, 5.662e+00, -5.350e+01,2.859e+00, 1.916e+01, 0.000e+00, -2.301e+00,0.000e+00, 9963124
2.302e+00, 3.904e+00, 1.298e+01, 5.662e+00, -5.350e+01,2.859e+00, 1.910e+01, 0.000e+00, -2.461e+00,0.000e+00, 9983368
2.302e+00, 3.904e+00, 1.298e+01, 5.662e+00, -5.350e+01,2.859e+00, 1.904e+01, 0.000e+00, -3.068e+00,0.000e+00, 10003610
2.302e+00, 3.904e+00, 1.298e+01, 5.662e+00, -5.350e+01,2.859e+00, 1.897e+01, 0.000e+00, -3.324e+00,0.000e+00, 10023852
2.302e+00, 3.904e+00, 1.298e+01, 5.662e+00, -5.350e+01,2.859e+00, 1.889e+01, 0.000e+00, -3.643e+00,0.000e+00, 10044109
2.302e+00, 3.904e+00, 1.298e+01, 5.662e+00, -5.350e+01,2.859e+00, 1.881e+01, -1.604e-01, -3.771e+00,0.000e+00, 10064369
2.302e+00, 3.904e+00, 1.298e+01, 5.662e+00, -5.350e+01,2.863e+00, 1.874e+01, 1.604e-01, -3.803e+00,0.000e+00, 10084632
2.302e+00, 3.904e+00, 1.298e+01, 5.662e+00, -5.350e+01,2.859e+00, 1.867e+01, 0.000e+00, -3.547e+00,0.000e+00, 10104876
2.302e+00, 3.904e+00, 1.298e+01, 5.662e+00, -5.350e+01,2.859e+00, 1.860e+01, 0.000e+00, -3.388e+00,0.000e+00, 10125131
2.302e+00, 3.904e+00, 1.298e+01, 5.662e+00, -5.350e+01,2.859e+00, 1.855e+01, 0.000e+00, -2.684e+00,0.000e+00, 10145372
2.302e+00, 3.904e+00, 1.298e+01, 5.662e+00, -5.350e+01,2.859e+00, 1.850e+01, 0.000e+00, -2.589e+00,0.000e+00, 10165614
2.302e+00, 3.904e+00, 1.298e+01, 5.662e+00, -5.350e+01,2.859e+00, 1.847e+01, 0.000e+00, -1.790e+00,0.000e+00, 10185855
2.302e+00, 3.904e+00, 1.298e+01, 5.662e+00, -5.350e+01,2.859e+00, 1.844e+01, 0.000e+00, -1.342e+00,0.000e+00, 10206111
2.302e+00, 3.904e+00, 1.298e+01, 5.662e+00, -5.350e+01,2.859e+00, 1.841e+01, 0.000e+00, -1.182e+00,0.000e+00, 10226357
2.302e+00, 3.904e+00, 1.298e+01, 5.662e+00, -5.350e+01,2.859e+00, 1.841e+01, 0.000e+00, -3.515e-01,0.000e+00, 10246600
2.302e+00, 3.904e+00, 1.298e+01, 5.662e+00, -5.350e+01,2.863e+00, 1.841e+01, 1.604e-01, 6.390e-02,0.000e+00, 10266853
2.302e+00, 3.904e+00, 1.298e+01, 5.662e+00, -5.350e+01,2.859e+00, 1.842e+01, 0.000e+00, 6.391e-01,0.000e+00, 10287108
2.302e+00, 3.904e+00, 1.298e+01, 5.662e+00, -5.350e+01,2.859e+00, 1.845e+01, 0.000e+00, 1.310e+00,0.000e+00, 10307355
2.302e+00, 3.904e+00, 1.298e+01, 5.662e+00, -5.350e+01,2.859e+00, 1.848e+01, 0.000e+00, 1.023e+00,0.000e+00, 10327594
2.302e+00, 3.904e+00, 1.298e+01, 5.662e+00, -5.350e+01,2.859e+00, 1.852e+01, 0.000e+00, 1.949e+00,0.000e+00, 10347837
2.302e+00, 3.904e+00, 1.298e+01, 5.662e+00, -5.350e+01,2.859e+00, 1.857e+01, 0.000e+00, 2.173e+00,0.000e+00, 10368091
2.302e+00, 3.904e+00, 1.298e+01, 5.662e+00, -5.350e+01,2.859e+00, 1.862e+01, 0.000e+00, 2.493e+00,0.000e+00, 10388332
2.302e+00, 3.904e+00, 1.298e+01, 5.662e+00, -5.350e+01,2.859e+00, 1.868e+01, 0.000e+00, 2.748e+00,0.000e+00, 10408577
2.302e+00, 3.904e+00, 1.298e+01, 5.662e+00, -5.350e+01,2.859e+00, 1.873e+01, 0.000e+00, 2.653e+00,0.000e+00, 10428819
2.302e+00, 3.904e+00, 1.298e+01, 5.662e+00, -5.350e+01,2.859e+00, 1.878e+01, 0.000e+00, 2.716e+00,0.000e+00, 10449077
2.302e+00, 3.904e+00, 1.298e+01, 5.662e+00, -5.350e+01,2.859e+00, 1.883e+01, 0.000e+00, 2.525e+00,0.000e+00, 10469319
2.302e+00, 3.904e+00, 1.298e+01, 5.662e+00, -5.350e+01,2.859e+00, 1.888e+01, 0.000e+00, 2.365e+00,0.000e+00, 10489564
2.302e+00, 3.904e+00, 1.298e+01, 5.662e+00, -5.350e+01,2.859e+00, 1.892e+01, 0.000e+00, 2.013e+00,0.000e+00, 10509805
2.302e+00, 3.904e+00, 1.298e+01, 5.662e+00, -5.350e+01,2.859e+00, 1.895e+01, 0.000e+00, 1.630e+00,0.000e+00, 10530060
2.302e+00, 3.904e+00, 1.298e+01, 5.662e+00, -5.350e+01,2.859e+00, 1.898e+01, 0.000e+00, 1.214e+00,0.000e+00, 10550304
2.302e+00, 3.904e+00, 1.298e+01, 5.662e+00, -5.350e+01,2.859e+00, 1.900e+01, 0.000e+00, 1.087e+00,0.000e+00, 10570551
2.302e+00, 3.904e+00, 1.298e+01, 5.662e+00, -5.350e+01,2.859e+00, 1.900e+01, 0.000e+00, 3.196e-01,0.000e+00, 10590792
2.302e+00, 3.904e+00, 1.298e+01, 5.662e+00, -5.350e+01,2.859e+00, 1.900e+01, 0.000e+00, -9.584e-02,0.000e+00, 10611049
2.302e+00, 3.904e+00, 1.298e+01, 5.662e+00, -5.350e+01,2.859e+00, 1.899e+01, 0.000e+00, -6.072e-01,0.000e+00, 10631289
2.302e+00, 3.904e+00, 1.298e+01, 5.662e+00, -5.350e+01,2.859e+00, 1.898e+01, 0.000e+00, -5.752e-01,0.000e+00, 10651535
2.302e+00, 3.904e+00, 1.298e+01, 5.662e+00, -5.350e+01,2.859e+00, 1.895e+01, 0.000e+00, -1.023e+00,0.000e+00, 10671775
2.302e+00, 3.904e+00, 1.298e+01, 5.662e+00, -5.350e+01,2.859e+00, 1.893e+01, 0.000e+00, -1.246e+00,0.000e+00, 10692028
2.302e+00, 3.904e+00, 1.298e+01, 5.662e+00, -5.350e+01,2.859e+00, 1.890e+01, 0.000e+00, -1.406e+00,0.000e+00, 10712268
2.302e+00, 3.904e+00, 1.298e+01, 5.662e+00, -5.350e+01,2.859e+00, 1.887e+01, 0.000e+00, -1.598e+00,0.000e+00, 10732509
2.302e+00, 3.904e+00, 1.298e+01, 5.662e+00, -5.350e+01,2.859e+00, 1.883e+01, 0.000e+00, -1.566e+00,0.000e+00, 10752750
2.302e+00, 3.904e+00, 1.298e+01, 5.662e+00, -5.350e+01,2.859e+00, 1.880e+01, 0.000e+00, -1.758e+00,0.000e+00, 10773004
2.302e+00, 3.904e+00, 1.298e+01, 5.662e+00, -5.350e+01,2.859e+00, 1.877e+01, 0.000e+00, -1.662e+00,0.000e+00, 10793242
2.302e+00, 3.904e+00, 1.298e+01, 5.662e+00, -5.350e+01,2.859e+00, 1.874e+01, 0.000e+00, -1.566e+00,0.000e+00, 10813482
2.302e+00, 3.904e+00, 1.298e+01, 5.662e+00, -5.350e+01,2.859e+00, 1.871e+01, 0.000e+00, -1.502e+00,0.000e+00, 10833724
2.302e+00, 3.904e+00, 1.298e+01, 5.662e+00, -5.350e+01,2.859e+00, 1.868e+01, 0.000e+00, -1.310e+00,0.000e+00, 10853966
2.302e+00, 3.904e+00, 1.298e+01, 5.662e+00, -5.350e+01,2.863e+00, 1.866e+01, 1.604e-01, -1.119e+00,0.000e+00, 10874235
2.302e+00, 3.904e+00, 1.298e+01, 5.662e+00, -5.350e+01,2.859e+00, 1.864e+01, -1.604e-01, -7.989e-01,0.000e+00, 10894498
2.302e+00, 3.904e+00, 1.298e+01, 5.662e+00, -5.350e+01,2.859e+00, 1.863e+01, 0.000e+00, -5.434e-01,0.000e+00, 10914741
2.302e+00, 3.904e+00, 1.298e+01, 5.662e+00, -5.350e+01,2.863e+00, 1.863e+01, 1.604e-01, -5.433e-01,0.000e+00, 10935008
2.302e+00, 3.904e+00, 1.298e+01, 5.662e+00, -5.350e+01,2.859e+00, 1.863e+01, 0.000e+00, 1.598e-01,0.000e+00, 10955250
2.302e+00, 3.904e+00, 1.298e+01, 5.662e+00, -5.350e+01,2.859e+00, 1.863e+01, 0.000e+00, 1.278e-01,0.000e+00, 10975493
2.302e+00, 3.904e+00, 1.298e+01, 5.662e+00, -5.350e+01,2.859e+00, 1.864e+01, 0.000e+00, 2.876e-01,0.000e+00, 10995734
2.302e+00, 3.904e+00, 1.298e+01, 5.662e+00, -5.350e+01,2.859e+00, 1.865e+01, 0.000e+00, 4.155e-01,0.000e+00, 11015974
2.302e+00, 3.904e+00, 1.298e+01, 5.662e+00, -5.350e+01,2.859e+00, 1.866e+01, -1.604e-01, 5.752e-01,0.000e+00, 11036244
2.302e+00, 3.904e+00, 1.298e+01, 5.662e+00, -5.350e+01,2.859e+00, 1.867e+01, -1.604e-01, 5.752e-01,0.000e+00, 11056505
2.302e+00, 3.904e+00, 1.298e+01, 5.662e+00, -5.350e+01,2.859e+00, 1.868e+01, 0.000e+00, 6.391e-01,0.000e+00, 11076749
2.302e+00, 3.904e+00, 1.298e+01, 5.662e+00, -5.350e+01,2.859e+00, 1.870e+01, 0.000e+00, 7.670e-01,0.000e+00, 11097002
2.302e+00, 3.904e+00, 1.298e+01, 5.662e+00, -5.350e+01,2.859e+00, 1.871e+01, 0.000e+00, 7.350e-01,0.000e+00, 11117241
2.302e+00, 3.904e+00, 1.298e+01, 5.662e+00, -5.350e+01,2.859e+00, 1.873e+01, 0.000e+00, 6.391e-01,0.000e+00, 11137483
2.302e+00, 3.904e+00, 1.298e+01, 5.662e+00, -5.350e+01,2.859e+00, 1.874e+01, 0.000e+00, 6.711e-01,0.000e+00, 11157722
2.302e+00, 3.904e+00, 1.298e+01, 5.662e+00, -5.350e+01,2.863e+00, 1.875e+01, 1.604e-01, 5.752e-01,0.000e+00, 11177977
2.302e+00, 3.904e+00, 1.298e+01, 5.662e+00, -5.350e+01,2.863e+00, 1.876e+01, 0.000e+00, 4.155e-01,0.000e+00, 11198229
2.302e+00, 3.904e+00, 1.298e+01, 5.662e+00, -5.350e+01,2.863e+00, 1.877e+01, 0.000e+00, 3.835e-01,0.000e+00, 11218473
2.302e+00, 3.904e+00, 1.298e+01, 5.662e+00, -5.350e+01,2.859e+00, 1.877e+01, 0.000e+00, 2.876e-01,0.000e+00, 11238714
2.302e+00, 3.904e+00, 1.298e+01, 5.662e+00, -5.350e+01,2.859e+00, 1.878e+01, -1.604e-01, 6.390e-02,0.000e+00, 11258973
2.302e+00, 3.904e+00, 1.298e+01, 5.662e+00, -5.350e+01,2.863e+00, 1.878e+01, 1.604e-01, 3.195e-02,0.000e+00, 11279240
2.302e+00, 3.904e+00, 1.298e+01, 5.662e+00, -5.350e+01,2.863e+00, 1.878e+01, 0.000e+00, 0.000e+00,0.000e+00, 11299466
2.302e+00, 3.904e+00, 1.298e+01, 5.662e+00, -5.350e+01,2.863e+00, 1.878e+01, 0.000e+00, 0.000e+00,0.000e+00, 11319688
2.302e+00, 3.904e+00, 1.298e+01, 5.662e+00, -5.350e+01,2.859e+00, 1.878e+01, -1.604e-01, 0.000e+00,0.000e+00, 11339930
2.302e+00, 3.904e+00, 1.298e+01, 5.662e+00, -5.350e+01,2.859e+00, 1.878e+01, 0.000e+00, 0.000e+00,0.000e+00, 11360165
2.302e+00, 3.904e+00, 1.298e+01, 5.662e+00, -5.350e+01,2.859e+00, 1.878e+01, 0.000e+00, 0.000e+00,0.000e+00, 11380388
2.302e+00, 3.904e+00, 1.298e+01, 5.662e+00, -5.350e+01,2.859e+00, 1.878e+01, 0.000e+00, 0.000e+00,0.000e+00, 11400611
2.302e+00, 3.904e+00, 1.298e+01, 5.662e+00, -5.350e+01,2.859e+00, 1.878e+01, 0.000e+00, 0.000e+00,0.000e+00, 11420834
2.302e+00, 3.904e+00, 1.298e+01, 5.662e+00, -5.350e+01,2.859e+00, 1.878e+01, 0.000e+00, 0.000e+00,0.000e+00, 11441068
2.302e+00, 3.904e+00, 1.298e+01, 5.662e+00, -5.350e+01,2.859e+00, 1.878e+01, 0.000e+00, 0.000e+00,0.000e+00, 11461290
2.302e+00, 3.904e+00, 1.298e+01, 5.662e+00, -5.350e+01,2.859e+00, 1.878e+01, 0.000e+00, 0.000e+00,0.000e+00, 11481513
2.302e+00, 3.904e+00, 1.298e+01, 5.662e+00, -5.350e+01,2.859e+00, 1.878e+01, 0.000e+00, 0.000e+00,0.000e+00, 11501736
2.302e+00, 3.904e+00, 1.298e+01, 5.662e+00, -5.350e+01,2.859e+00, 1.878e+01, 0.000e+00, 0.000e+00,0.000e+00, 11521958
2.302e+00, 3.904e+00, 1.298e+01, 5.662e+00, -5.350e+01,2.859e+00, 1.878e+01, 0.000e+00, 0.000e+00,0.000e+00, 11542193
2.302e+00, 3.904e+00, 1.298e+01, 5.662e+00, -5.350e+01,2.859e+00, 1.878e+01, 0.000e+00, 0.000e+00,0.000e+00, 11562414
2.302e+00, 3.904e+00, 1.298e+01, 5.662e+00, -5.350e+01,2.859e+00, 1.878e+01, 0.000e+00, 0.000e+00,0.000e+00, 11582639
2.302e+00, 3.904e+00, 1.298e+01, 5.662e+00, -5.350e+01,2.859e+00, 1.878e+01, 0.000e+00, 0.000e+00,0.000e+00, 11602861
2.302e+00, 3.904e+00, 1.298e+01, 5.662e+00, -5.350e+01,2.859e+00, 1.878e+01, 0.000e+00, 0.000e+00,0.000e+00, 11623098
2.302e+00, 3.904e+00, 1.298e+01, 5.662e+00, -5.350e+01,2.859e+00, 1.878e+01, 0.000e+00, 0.000e+00,0.000e+00, 11643321
2.302e+00, 3.904e+00, 1.298e+01, 5.662e+00, -5.350e+01,2.859e+00, 1.878e+01, 0.000e+00, 0.000e+00,0.000e+00, 11663543
2.302e+00, 3.904e+00, 1.298e+01, 5.662e+00, -5.350e+01,2.859e+00, 1.878e+01, 0.000e+00, 0.000e+00,0.000e+00, 11683764
2.302e+00, 3.904e+00, 1.298e+01, 5.662e+00, -5.350e+01,2.859e+00, 1.878e+01, 0.000e+00, 0.000e+00,0.000e+00, 11704001
2.302e+00, 3.904e+00, 1.298e+01, 5.662e+00, -5.350e+01,2.859e+00, 1.878e+01, 0.000e+00, 0.000e+00,0.000e+00, 11724223
2.302e+00, 3.904e+00, 1.298e+01, 5.662e+00, -5.350e+01,2.859e+00, 1.878e+01, 0.000e+00, 0.000e+00,0.000e+00, 11744447
2.302e+00, 3.904e+00, 1.298e+01, 5.662e+00, -5.350e+01,2.859e+00, 1.878e+01, 0.000e+00, 0.000e+00,0.000e+00, 11764669
2.302e+00, 3.904e+00, 1.298e+01, 5.662e+00, -5.350e+01,2.859e+00, 1.878e+01, 0.000e+00, 0.000e+00,0.000e+00, 11784891
2.302e+00, 3.904e+00, 1.298e+01, 5.662e+00, -5.350e+01,2.859e+00, 1.878e+01, 0.000e+00, 0.000e+00,0.000e+00, 11805126
2.302e+00, 3.904e+00, 1.298e+01, 5.662e+00, -5.350e+01,2.859e+00, 1.878e+01, 0.000e+00, 0.000e+00,0.000e+00, 11825349
2.302e+00, 3.904e+00, 1.298e+01, 5.662e+00, -5.350e+01,2.859e+00, 1.878e+01, 0.000e+00, 0.000e+00,0.000e+00, 11845575
2.302e+00, 3.904e+00, 1.298e+01, 5.662e+00, -5.350e+01,2.859e+00, 1.878e+01, 0.000e+00, 0.000e+00,0.000e+00, 11865796
2.302e+00, 3.904e+00, 1.298e+01, 5.662e+00, -5.350e+01,2.859e+00, 1.878e+01, 0.000e+00, 0.000e+00,0.000e+00, 11886033
2.302e+00, 3.904e+00, 1.298e+01, 5.662e+00, -5.350e+01,2.859e+00, 1.878e+01, 0.000e+00, 0.000e+00,0.000e+00, 11906255
2.302e+00, 3.904e+00, 1.298e+01, 5.662e+00, -5.350e+01,2.859e+00, 1.878e+01, 0.000e+00, 0.000e+00,0.000e+00, 11926478
2.302e+00, 3.904e+00, 1.298e+01, 5.662e+00, -5.350e+01,2.859e+00, 1.878e+01, 0.000e+00, 0.000e+00,0.000e+00, 11946701
2.302e+00, 3.904e+00, 1.298e+01, 5.662e+00, -5.350e+01,2.859e+00, 1.878e+01, 0.000e+00, 0.000e+00,0.000e+00, 11966922
2.302e+00, 3.904e+00, 1.298e+01, 5.662e+00, -5.350e+01,2.859e+00, 1.878e+01, 0.000e+00, 0.000e+00,0.000e+00, 11987157
2.302e+00, 3.904e+00, 1.298e+01, 5.662e+00, -5.350e+01,2.859e+00, 1.878e+01, 0.000e+00, 0.000e+00,0.000e+00, 12007380
2.302e+00, 3.904e+00, 1.298e+01, 5.662e+00, -5.350e+01,2.859e+00, 1.878e+01, 0.000e+00, 0.000e+00,0.000e+00, 12027607
2.302e+00, 3.904e+00, 1.298e+01, 5.662e+00, -5.350e+01,2.859e+00, 1.878e+01, 0.000e+00, 0.000e+00,0.000e+00, 12047828
2.302e+00, 3.904e+00, 1.298e+01, 5.662e+00, -5.350e+01,2.859e+00, 1.878e+01, 0.000e+00, 0.000e+00,0.000e+00, 12068065
2.302e+00, 3.904e+00, 1.298e+01, 5.662e+00, -5.350e+01,2.859e+00, 1.878e+01, 0.000e+00, 0.000e+00,0.000e+00, 12088288
2.302e+00, 3.904e+00, 1.298e+01, 5.662e+00, -5.350e+01,2.859e+00, 1.878e+01, 0.000e+00, 0.000e+00,0.000e+00, 12108509
2.302e+00, 3.904e+00, 1.298e+01, 5.662e+00, -5.350e+01,2.859e+00, 1.878e+01, 0.000e+00, 0.000e+00,0.000e+00, 12128731
2.302e+00, 3.904e+00, 1.298e+01, 5.662e+00, -5.350e+01,2.859e+00, 1.878e+01, 0.000e+00, 0.000e+00,0.000e+00, 12148951
2.302e+00, 3.904e+00, 1.298e+01, 5.662e+00, -5.350e+01,2.859e+00, 1.878e+01, 0.000e+00, 0.000e+00,0.000e+00, 12169187
2.302e+00, 3.904e+00, 1.298e+01, 5.662e+00, -5.350e+01,2.859e+00, 1.878e+01, 0.000e+00, 0.000e+00,0.000e+00, 12189411
2.302e+00, 3.904e+00, 1.298e+01, 5.662e+00, -5.350e+01,2.859e+00, 1.878e+01, 0.000e+00, 0.000e+00,0.000e+00, 12209633
2.302e+00, 3.904e+00, 1.298e+01, 5.662e+00, -5.350e+01,2.859e+00, 1.878e+01, 0.000e+00, 0.000e+00,0.000e+00, 12229857
2.302e+00, 3.904e+00, 1.298e+01, 5.662e+00, -5.350e+01,2.859e+00, 1.878e+01, 0.000e+00, 0.000e+00,0.000e+00, 12250094
2.302e+00, 3.904e+00, 1.298e+01, 5.662e+00, -5.350e+01,2.859e+00, 1.878e+01, 0.000e+00, 0.000e+00,0.000e+00, 12270315
2.302e+00, 3.904e+00, 1.298e+01, 5.662e+00, -5.350e+01,2.859e+00, 1.878e+01, 0.000e+00, 0.000e+00,0.000e+00, 12290538
2.302e+00, 3.904e+00, 1.298e+01, 5.662e+00, -5.350e+01,2.859e+00, 1.878e+01, 0.000e+00, 0.000e+00,0.000e+00, 12310761
2.302e+00, 3.904e+00, 1.298e+01, 5.662e+00, -5.350e+01,2.859e+00, 1.878e+01, 0.000e+00, 0.000e+00,0.000e+00, 12330997
2.302e+00, 3.904e+00, 1.298e+01, 5.662e+00, -5.350e+01,2.859e+00, 1.878e+01, 0.000e+00, 0.000e+00,0.000e+00, 12351220
2.302e+00, 3.904e+00, 1.298e+01, 5.662e+00, -5.350e+01,2.859e+00, 1.878e+01, 0.000e+00, 0.000e+00,0.000e+00, 12371445
2.302e+00, 3.904e+00, 1.298e+01, 5.662e+00, -5.350e+01,2.859e+00, 1.878e+01, 0.000e+00, 0.000e+00,0.000e+00, 12391669
2.302e+00, 3.904e+00, 1.298e+01, 5.662e+00, -5.350e+01,2.859e+00, 1.878e+01, 0.000e+00, 0.000e+00,0.000e+00, 12411892
2.302e+00, 3.904e+00, 1.298e+01, 5.662e+00, -5.350e+01,2.859e+00, 1.878e+01, 0.000e+00, 0.000e+00,0.000e+00, 12432129
2.302e+00, 3.904e+00, 1.298e+01, 5.662e+00, -5.350e+01,2.859e+00, 1.878e+01, 0.000e+00, 0.000e+00,0.000e+00, 12452350
2.302e+00, 3.904e+00, 1.298e+01, 5.662e+00, -5.350e+01,2.859e+00, 1.878e+01, 0.000e+00, 0.000e+00,0.000e+00, 12472575
2.302e+00, 3.904e+00, 1.298e+01, 5.662e+00, -5.350e+01,2.859e+00, 1.878e+01, 0.000e+00, 0.000e+00,0.000e+00, 12492796
2.302e+00, 3.904e+00, 1.298e+01, 5.662e+00, -5.350e+01,2.859e+00, 1.878e+01, 0.000e+00, 0.000e+00,0.000e+00, 12513033
2.302e+00, 3.904e+00, 1.298e+01, 5.662e+00, -5.350e+01,2.859e+00, 1.878e+01, 0.000e+00, 0.000e+00,0.000e+00, 12533256
2.302e+00, 3.904e+00, 1.298e+01, 5.662e+00, -5.350e+01,2.859e+00, 1.878e+01, 0.000e+00, 0.000e+00,0.000e+00, 12553479
2.302e+00, 3.904e+00, 1.298e+01, 5.662e+00, -5.350e+01,2.859e+00, 1.878e+01, 0.000e+00, 0.000e+00,0.000e+00, 12573701
2.302e+00, 3.904e+00, 1.298e+01, 5.662e+00, -5.350e+01,2.859e+00, 1.878e+01, 0.000e+00, 0.000e+00,0.000e+00, 12593922
2.302e+00, 3.904e+00, 1.298e+01, 5.662e+00, -5.350e+01,2.859e+00, 1.878e+01, 0.000e+00, 0.000e+00,0.000e+00, 12614159
2.302e+00, 3.904e+00, 1.298e+01, 5.662e+00, -5.350e+01,2.859e+00, 1.878e+01, 0.000e+00, 0.000e+00,0.000e+00, 12634382