0.000e+00, 0.000e+00, 0.000e+00, 0.000e+00, 0.000e+00,0.000e+00, 0.000e+00, 0.000e+00, 0.000e+00,0.000e+00, 35154138
0.000e+00, 0.000e+00, 0.000e+00, 0.000e+00, 0.000e+00,0.000e+00, 0.000e+00, 0.000e+00, 0.000e+00,0.000e+00, 35164228
0.000e+00, 0.000e+00, 0.000e+00, 0.000e+00, 0.000e+00,0.000e+00, 0.000e+00, 0.000e+00, 0.000e+00,0.000e+00, 35174320
0.000e+00, 0.000e+00, 0.000e+00, 0.000e+00, 0.000e+00,0.000e+00, 0.000e+00, 0.000e+00, 0.000e+00,0.000e+00, 35184415
0.000e+00, 0.000e+00, 0.000e+00, 0.000e+00, 0.000e+00,0.000e+00, 0.000e+00, 0.000e+00, 0.000e+00,0.000e+00, 35194506
0.000e+00, 0.000e+00, 0.000e+00, 0.000e+00, 0.000e+00,0.000e+00, 0.000e+00, 0.000e+00, 0.000e+00,0.000e+00, 35204598
0.000e+00, 0.000e+00, 0.000e+00, 0.000e+00, 0.000e+00,0.000e+00, 0.000e+00, 0.000e+00, 0.000e+00,0.000e+00, 35214690
0.000e+00, 0.000e+00, 0.000e+00, 0.000e+00, 0.000e+00,0.000e+00, 0.000e+00, 0.000e+00, 0.000e+00,0.000e+00, 35224782
0.000e+00, 0.000e+00, 0.000e+00, 0.000e+00, 0.000e+00,0.000e+00, 0.000e+00, 0.000e+00, 0.000e+00,0.000e+00, 35234874
0.000e+00, 0.000e+00, 0.000e+00, 0.000e+00, 0.000e+00,0.000e+00, 0.000e+00, 0.000e+00, 0.000e+00,0.000e+00, 35244966
0.000e+00, 0.000e+00, 0.000e+00, 0.000e+00, 0.000e+00,0.000e+00, 0.000e+00, 0.000e+00, 0.000e+00,0.000e+00, 35255070
0.000e+00, 0.000e+00, 0.000e+00, 0.000e+00, 0.000e+00,0.000e+00, 0.000e+00, 0.000e+00, 0.000e+00,0.000e+00, 35265163
0.000e+00, 0.000e+00, 0.000e+00, 0.000e+00, 0.000e+00,0.000e+00, 0.000e+00, 0.000e+00, 0.000e+00,0.000e+00, 35275256
0.000e+00, 0.000e+00, 0.000e+00, 0.000e+00, 0.000e+00,0.000e+00, 0.000e+00, 0.000e+00, 0.000e+00,0.000e+00, 35285349
0.000e+00, 0.000e+00, 0.000e+00, 0.000e+00, 0.000e+00,0.000e+00, 0.000e+00, 0.000e+00, 0.000e+00,0.000e+00, 35295444
0.000e+00, 0.000e+00, 0.000e+00, 0.000e+00, 0.000e+00,0.000e+00, 0.000e+00, 0.000e+00, 0.000e+00,0.000e+00, 35305534
0.000e+00, 0.000e+00, 0.000e+00, 0.000e+00, 0.000e+00,0.000e+00, 0.000e+00, 0.000e+00, 0.000e+00,0.000e+00, 35315629
0.000e+00, 0.000e+00, 0.000e+00, 0.000e+00, 0.000e+00,0.000e+00, 0.000e+00, 0.000e+00, 0.000e+00,0.000e+00, 35325722
0.000e+00, 0.000e+00, 0.000e+00, 0.000e+00, 0.000e+00,0.000e+00, 0.000e+00, 0.000e+00, 0.000e+00,0.000e+00, 35335813
0.000e+00, 0.000e+00, 0.000e+00, 0.000e+00, 0.000e+00,0.000e+00, 0.000e+00, 0.000e+00, 0.000e+00,0.000e+00, 35345905
0.000e+00, 0.000e+00, 0.000e+00, 0.000e+00, 0.000e+00,0.000e+00, 0.000e+00, 0.000e+00, 0.000e+00,0.000e+00, 35356008
0.000e+00, 0.000e+00, 0.000e+00, 0.000e+00, 0.000e+00,0.000e+00, 0.000e+00, 0.000e+00, 0.000e+00,0.000e+00, 35366100
0.000e+00, 0.000e+00, 0.000e+00, 0.000e+00, 0.000e+00,0.000e+00, 0.000e+00, 0.000e+00, 0.000e+00,0.000e+00, 35376192
0.000e+00, 0.000e+00, 0.000e+00, 0.000e+00, 0.000e+00,0.000e+00, 0.000e+00, 0.000e+00, 0.000e+00,0.000e+00, 35386285
0.000e+00, 0.000e+00, 0.000e+00, 0.000e+00, 0.000e+00,0.000e+00, 0.000e+00, 0.000e+00, 0.000e+00,0.000e+00, 35396380
0.000e+00, 0.000e+00, 0.000e+00, 0.000e+00, 0.000e+00,0.000e+00, 0.000e+00, 0.000e+00, 0.000e+00,0.000e+00, 35406474
0.000e+00, 0.000e+00, 0.000e+00, 0.000e+00, 0.000e+00,0.000e+00, 0.000e+00, 0.000e+00, 0.000e+00,0.000e+00, 35416567
0.000e+00, 0.000e+00, 0.000e+00, 0.000e+00, 0.000e+00,0.000e+00, 0.000e+00, 0.000e+00, 0.000e+00,0.000e+00, 35426659
0.000e+00, 0.000e+00, 0.000e+00, 0.000e+00, 0.000e+00,0.000e+00, 0.000e+00, 0.000e+00, 0.000e+00,0.000e+00, 35436751
0.000e+00, 0.000e+00, 0.000e+00, 0.000e+00, 0.000e+00,0.000e+00, 0.000e+00, 0.000e+00, 0.000e+00,0.000e+00, 35446841
0.000e+00, 0.000e+00, 0.000e+00, 0.000e+00, 0.000e+00,0.000e+00, 0.000e+00, 0.000e+00, 0.000e+00,0.000e+00, 35456933
0.000e+00, 0.000e+00, 0.000e+00, 0.000e+00, 0.000e+00,0.000e+00, 0.000e+00, 0.000e+00, 0.000e+00,0.000e+00, 35467037
0.000e+00, 0.000e+00, 0.000e+00, 0.000e+00, 0.000e+00,0.000e+00, 0.000e+00, 0.000e+00, 0.000e+00,0.000e+00, 35477130
0.000e+00, 0.000e+00, 0.000e+00, 0.000e+00, 0.000e+00,0.000e+00, 0.000e+00, 0.000e+00, 0.000e+00,0.000e+00, 35487225
0.000e+00, 0.000e+00, 0.000e+00, 0.000e+00, 0.000e+00,0.000e+00, 0.000e+00, 0.000e+00, 0.000e+00,0.000e+00, 35497316
0.000e+00, 0.000e+00, 0.000e+00, 0.000e+00, 0.000e+00,0.000e+00, 0.000e+00, 0.000e+00, 0.000e+00,0.000e+00, 35507412
0.000e+00, 0.000e+00, 0.000e+00, 0.000e+00, 0.000e+00,0.000e+00, 0.000e+00, 0.000e+00, 0.000e+00,0.000e+00, 35517505
0.000e+00, 0.000e+00, 0.000e+00, 0.000e+00, 0.000e+00,0.000e+00, 0.000e+00, 0.000e+00, 0.000e+00,0.000e+00, 35527596
0.000e+00, 0.000e+00, 0.000e+00, 0.000e+00, 0.000e+00,0.000e+00, 0.000e+00, 0.000e+00, 0.000e+00,0.000e+00, 35537687
0.000e+00, 0.000e+00, 0.000e+00, 0.000e+00, 0.000e+00,0.000e+00, 0.000e+00, 0.000e+00, 0.000e+00,0.000e+00, 35547780
0.000e+00, 0.000e+00, 0.000e+00, 0.000e+00, 0.000e+00,0.000e+00, 0.000e+00, 0.000e+00, 0.000e+00,0.000e+00, 35557872
0.000e+00, 0.000e+00, 0.000e+00, 0.000e+00, 0.000e+00,0.000e+00, 0.000e+00, 0.000e+00, 0.000e+00,0.000e+00, 35567966
0.000e+00, 0.000e+00, 0.000e+00, 0.000e+00, 0.000e+00,0.000e+00, 0.000e+00, 0.000e+00, 0.000e+00,0.000e+00, 35578071
0.000e+00, 0.000e+00, 0.000e+00, 0.000e+00, 0.000e+00,0.000e+00, 0.000e+00, 0.000e+00, 0.000e+00,0.000e+00, 35588165
0.000e+00, 0.000e+00, 0.000e+00, 0.000e+00, 0.000e+00,0.000e+00, 0.000e+00, 0.000e+00, 0.000e+00,0.000e+00, 35598258
0.000e+00, 0.000e+00, 0.000e+00, 0.000e+00, 0.000e+00,0.000e+00, 0.000e+00, 0.000e+00, 0.000e+00,0.000e+00, 35608352
0.000e+00, 0.000e+00, 0.000e+00, 0.000e+00, 0.000e+00,0.000e+00, 0.000e+00, 0.000e+00, 0.000e+00,0.000e+00, 35618446
0.000e+00, 0.000e+00, 0.000e+00, 0.000e+00, 0.000e+00,0.000e+00, 0.000e+00, 0.000e+00, 0.000e+00,0.000e+00, 35628538
0.000e+00, 0.000e+00, 0.000e+00, 0.000e+00, 0.000e+00,0.000e+00, 0.000e+00, 0.000e+00, 0.000e+00,0.000e+00, 35638630
0.000e+00, 0.000e+00, 0.000e+00, 0.000e+00, 0.000e+00,0.000e+00, 0.000e+00, 0.000e+00, 0.000e+00,0.000e+00, 35648721
0.000e+00, 0.000e+00, 0.000e+00, 0.000e+00, 0.000e+00,0.000e+00, 0.000e+00, 0.000e+00, 0.000e+00,0.000e+00, 35658813
0.000e+00, 0.000e+00, 0.000e+00, 0.000e+00, 0.000e+00,0.000e+00, 0.000e+00, 0.000e+00, 0.000e+00,0.000e+00, 35668903
0.000e+00, 0.000e+00, 0.000e+00, 0.000e+00, 0.000e+00,0.000e+00, 0.000e+00, 0.000e+00, 0.000e+00,0.000e+00, 35679009
0.000e+00, 0.000e+00, 0.000e+00, 0.000e+00, 0.000e+00,0.000e+00, 0.000e+00, 0.000e+00, 0.000e+00,0.000e+00, 35689100
0.000e+00, 0.000e+00, 0.000e+00, 0.000e+00, 0.000e+00,0.000e+00, 0.000e+00, 0.000e+00, 0.000e+00,0.000e+00, 35699190
0.000e+00, 0.000e+00, 0.000e+00, 0.000e+00, 0.000e+00,0.000e+00, 0.000e+00, 0.000e+00, 0.000e+00,0.000e+00, 35709282
0.000e+00, 0.000e+00, 0.000e+00, 0.000e+00, 0.000e+00,0.000e+00, 0.000e+00, 0.000e+00, 0.000e+00,0.000e+00, 35719377
0.000e+00, 0.000e+00, 0.000e+00, 0.000e+00, 0.000e+00,0.000e+00, 0.000e+00, 0.000e+00, 0.000e+00,0.000e+00, 35729471
0.000e+00, 0.000e+00, 0.000e+00, 0.000e+00, 0.000e+00,0.000e+00, 0.000e+00, 0.000e+00, 0.000e+00,0.000e+00, 35739565
0.000e+00, 0.000e+00, 0.000e+00, 0.000e+00, 0.000e+00,0.000e+00, 0.000e+00, 0.000e+00, 0.000e+00,0.000e+00, 35749657
0.000e+00, 0.000e+00, 0.000e+00, 0.000e+00, 0.000e+00,0.000e+00, 0.000e+00, 0.000e+00, 0.000e+00,0.000e+00, 35759750
0.000e+00, 0.000e+00, 0.000e+00, 0.000e+00, 0.000e+00,0.000e+00, 0.000e+00, 0.000e+00, 0.000e+00,0.000e+00, 35769843
0.000e+00, 0.000e+00, 0.000e+00, 0.000e+00, 0.000e+00,0.000e+00, 0.000e+00, 0.000e+00, 0.000e+00,0.000e+00, 35779934
0.000e+00, 0.000e+00, 0.000e+00, 0.000e+00, 0.000e+00,0.000e+00, 0.000e+00, 0.000e+00, 0.000e+00,0.000e+00, 35790040
0.000e+00, 0.000e+00, 0.000e+00, 0.000e+00, 0.000e+00,0.000e+00, 0.000e+00, 0.000e+00, 0.000e+00,0.000e+00, 35800130
0.000e+00, 0.000e+00, 0.000e+00, 0.000e+00, 0.000e+00,0.000e+00, 0.000e+00, 0.000e+00, 0.000e+00,0.000e+00, 35810224
0.000e+00, 0.000e+00, 0.000e+00, 0.000e+00, 0.000e+00,0.000e+00, 0.000e+00, 0.000e+00, 0.000e+00,0.000e+00, 35820319
0.000e+00, 0.000e+00, 0.000e+00, 0.000e+00, 0.000e+00,0.000e+00, 0.000e+00, 0.000e+00, 0.000e+00,0.000e+00, 35830412
0.000e+00, 0.000e+00, 0.000e+00, 0.000e+00, 0.000e+00,0.000e+00, 0.000e+00, 0.000e+00, 0.000e+00,0.000e+00, 35840503
0.000e+00, 0.000e+00, 0.000e+00, 0.000e+00, 0.000e+00,0.000e+00, 0.000e+00, 0.000e+00, 0.000e+00,0.000e+00, 35850597
0.000e+00, 0.000e+00, 0.000e+00, 0.000e+00, 0.000e+00,0.000e+00, 0.000e+00, 0.000e+00, 0.000e+00,0.000e+00, 35860688
0.000e+00, 0.000e+00, 0.000e+00, 0.000e+00, 0.000e+00,0.000e+00, 0.000e+00, 0.000e+00, 0.000e+00,0.000e+00, 35870778
0.000e+00, 0.000e+00, 0.000e+00, 0.000e+00, 0.000e+00,0.000e+00, 0.000e+00, 0.000e+00, 0.000e+00,0.000e+00, 35880871
0.000e+00, 0.000e+00, 0.000e+00, 0.000e+00, 0.000e+00,0.000e+00, 0.000e+00, 0.000e+00, 0.000e+00,0.000e+00, 35890963
0.000e+00, 0.000e+00, 0.000e+00, 0.000e+00, 0.000e+00,0.000e+00, 0.000e+00, 0.000e+00, 0.000e+00,0.000e+00, 35901068
0.000e+00, 0.000e+00, 0.000e+00, 0.000e+00, 0.000e+00,0.000e+00, 0.000e+00, 0.000e+00, 0.000e+00,0.000e+00, 35911159
0.000e+00, 0.000e+00, 0.000e+00, 0.000e+00, 0.000e+00,0.000e+00, 0.000e+00, 0.000e+00, 0.000e+00,0.000e+00, 35921250
0.000e+00, 0.000e+00, 0.000e+00, 0.000e+00, 0.000e+00,0.000e+00, 0.000e+00, 0.000e+00, 0.000e+00,0.000e+00, 35931342
0.000e+00, 0.000e+00, 0.000e+00, 0.000e+00, 0.000e+00,0.000e+00, 0.000e+00, 0.000e+00, 0.000e+00,0.000e+00, 35941435
0.000e+00, 0.000e+00, 0.000e+00, 0.000e+00, 0.000e+00,0.000e+00, 0.000e+00, 0.000e+00, 0.000e+00,0.000e+00, 35951526
0.000e+00, 0.000e+00, 0.000e+00, 0.000e+00, 0.000e+00,0.000e+00, 0.000e+00, 0.000e+00, 0.000e+00,0.000e+00, 35961617
0.000e+00, 0.000e+00, 0.000e+00, 0.000e+00, 0.000e+00,0.000e+00, 0.000e+00, 0.000e+00, 0.000e+00,0.000e+00, 35971711
0.000e+00, 0.000e+00, 0.000e+00, 0.000e+00, 0.000e+00,0.000e+00, 0.000e+00, 0.000e+00, 0.000e+00,0.000e+00, 35981804
0.000e+00, 0.000e+00, 0.000e+00, 0.000e+00, 0.000e+00,0.000e+00, 0.000e+00, 0.000e+00, 0.000e+00,0.000e+00, 35991896
0.000e+00, 0.000e+00, 0.000e+00, 0.000e+00, 0.000e+00,0.000e+00, 0.000e+00, 0.000e+00, 0.000e+00,0.000e+00, 36001998
0.000e+00, 0.000e+00, 0.000e+00, 0.000e+00, 0.000e+00,0.000e+00, 0.000e+00, 0.000e+00, 0.000e+00,0.000e+00, 36012091
0.000e+00, 0.000e+00, 0.000e+00, 0.000e+00, 0.000e+00,0.000e+00, 0.000e+00, 0.000e+00, 0.000e+00,0.000e+00, 36022184
0.000e+00, 0.000e+00, 0.000e+00, 0.000e+00, 0.000e+00,0.000e+00, 0.000e+00, 0.000e+00, 0.000e+00,0.000e+00, 36032279
0.000e+00, 0.000e+00, 0.000e+00, 0.000e+00, 0.000e+00,0.000e+00, 0.000e+00, 0.000e+00, 0.000e+00,0.000e+00, 36042373
0.000e+00, 0.000e+00, 0.000e+00, 0.000e+00, 0.000e+00,0.000e+00, 0.000e+00, 0.000e+00, 0.000e+00,0.000e+00, 36052465
0.000e+00, 0.000e+00, 0.000e+00, 0.000e+00, 0.000e+00,0.000e+00, 0.000e+00, 0.000e+00, 0.000e+00,0.000e+00, 36062556
0.000e+00, 0.000e+00, 0.000e+00, 0.000e+00, 0.000e+00,0.000e+00, 0.000e+00, 0.000e+00, 0.000e+00,0.000e+00, 36072647
0.000e+00, 0.000e+00, 0.000e+00, 0.000e+00, 0.000e+00,0.000e+00, 0.000e+00, 0.000e+00, 0.000e+00,0.000e+00, 36082738
0.000e+00, 0.000e+00, 0.000e+00, 0.000e+00, 0.000e+00,0.000e+00, 0.000e+00, 0.000e+00, 0.000e+00,0.000e+00, 36092831
0.000e+00, 0.000e+00, 0.000e+00, 0.000e+00, 0.000e+00,0.000e+00, 0.000e+00, 0.000e+00, 0.000e+00,0.000e+00, 36102921
0.000e+00, 0.000e+00, 0.000e+00, 0.000e+00, 0.000e+00,0.000e+00, 0.000e+00, 0.000e+00, 0.000e+00,0.000e+00, 36113028
0.000e+00, 0.000e+00, 0.000e+00, 0.000e+00, 0.000e+00,0.000e+00, 0.000e+00, 0.000e+00, 0.000e+00,0.000e+00, 36123119
0.000e+00, 0.000e+00, 0.000e+00, 0.000e+00, 0.000e+00,0.000e+00, 0.000e+00, 0.000e+00, 0.000e+00,0.000e+00, 36133210
0.000e+00, 0.000e+00, 0.000e+00, 0.000e+00, 0.000e+00,0.000e+00, 0.000e+00, 0.000e+00, 0.000e+00,0.000e+00, 36143301
0.000e+00, 0.000e+00, 0.000e+00, 0.000e+00, 0.000e+00,0.000e+00, 0.000e+00, 0.000e+00, 0.000e+00,0.000e+00, 36153396
0.000e+00, 0.000e+00, 0.000e+00, 0.000e+00, 0.000e+00,0.000e+00, 0.000e+00, 0.000e+00, 0.000e+00,0.000e+00, 36163490
0.000e+00, 0.000e+00, 0.000e+00, 0.000e+00, 0.000e+00,0.000e+00, 0.000e+00, 0.000e+00, 0.000e+00,0.000e+00, 36173582
0.000e+00, 0.000e+00, 0.000e+00, 0.000e+00, 0.000e+00,0.000e+00, 0.000e+00, 0.000e+00, 0.000e+00,0.000e+00, 36183676
0.000e+00, 0.000e+00, 0.000e+00, 0.000e+00, 0.000e+00,0.000e+00, 0.000e+00, 0.000e+00, 0.000e+00,0.000e+00, 36193766
0.000e+00, 0.000e+00, 0.000e+00, 0.000e+00, 0.000e+00,0.000e+00, 0.000e+00, 0.000e+00, 0.000e+00,0.000e+00, 36203860
0.000e+00, 0.000e+00, 0.000e+00, 0.000e+00, 0.000e+00,0.000e+00, 0.000e+00, 0.000e+00, 0.000e+00,0.000e+00, 36213951
0.000e+00, 0.000e+00, 0.000e+00, 0.000e+00, 0.000e+00,0.000e+00, 0.000e+00, 0.000e+00, 0.000e+00,0.000e+00, 36224055
0.000e+00, 0.000e+00, 0.000e+00, 0.000e+00, 0.000e+00,0.000e+00, 0.000e+00, 0.000e+00, 0.000e+00,0.000e+00, 36234148
0.000e+00, 0.000e+00, 0.000e+00, 0.000e+00, 0.000e+00,0.000e+00, 0.000e+00, 0.000e+00, 0.000e+00,0.000e+00, 36244241
0.000e+00, 0.000e+00, 0.000e+00, 0.000e+00, 0.000e+00,0.000e+00, 0.000e+00, 0.000e+00, 0.000e+00,0.000e+00, 36254334
0.000e+00, 0.000e+00, 0.000e+00, 0.000e+00, 0.000e+00,0.000e+00, 0.000e+00, 0.000e+00, 0.000e+00,0.000e+00, 36264428
0.000e+00, 0.000e+00, 0.000e+00, 0.000e+00, 0.000e+00,0.000e+00, 0.000e+00, 0.000e+00, 0.000e+00,0.000e+00, 36274521
0.000e+00, 0.000e+00, 0.000e+00, 0.000e+00, 0.000e+00,0.000e+00, 0.000e+00, 0.000e+00, 0.000e+00,0.000e+00, 36284613
0.000e+00, 0.000e+00, 0.000e+00, 0.000e+00, 0.000e+00,0.000e+00, 8.437e-03, 0.000e+00, 3.515e-01,0.000e+00, 36294761
0.000e+00, 0.000e+00, 0.000e+00, 0.000e+00, 0.000e+00,0.000e+00, 4.602e-03, 0.000e+00, 1.917e-01,0.000e+00, 36304899
0.000e+00, 0.000e+00, 0.000e+00, 0.000e+00, 0.000e+00,0.000e+00, 1.150e-02, 0.000e+00, 4.794e-01,0.000e+00, 36315054
0.000e+00, 0.000e+00, 0.000e+00, 0.000e+00, 0.000e+00,0.000e+00, 2.224e-02, 0.000e+00, 7.989e-01,0.000e+00, 36325193
0.000e+00, 0.000e+00, 0.000e+00, 0.000e+00, 0.000e+00,0.000e+00, 2.301e-02, 0.000e+00, 6.392e-01,0.000e+00, 36335327
0.000e+00, 0.000e+00, 0.000e+00, 0.000e+00, 0.000e+00,0.000e+00, 2.915e-02, 0.000e+00, 4.474e-01,0.000e+00, 36345466
0.000e+00, 0.000e+00, 0.000e+00, 0.000e+00, 0.000e+00,0.000e+00, 3.528e-02, 0.000e+00, 5.433e-01,0.000e+00, 36355605
0.000e+00, 0.000e+00, 0.000e+00, 0.000e+00, 0.000e+00,0.000e+00, 4.065e-02, 0.000e+00, 5.433e-01,0.000e+00, 36365741
0.000e+00, 0.000e+00, 0.000e+00, 0.000e+00, 0.000e+00,0.000e+00, 4.909e-02, 0.000e+00, 6.392e-01,0.000e+00, 36375877
0.000e+00, 0.000e+00, 0.000e+00, 0.000e+00, 0.000e+00,0.000e+00, 4.679e-02, 0.000e+00, 3.196e-01,0.000e+00, 36386028
0.000e+00, 0.000e+00, 0.000e+00, 0.000e+00, 0.000e+00,0.000e+00, 5.062e-02, 0.000e+00, 2.557e-01,0.000e+00, 36396163
0.000e+00, 0.000e+00, 0.000e+00, 0.000e+00, 0.000e+00,0.000e+00, 5.292e-02, 0.000e+00, 2.557e-01,0.000e+00, 36406302
0.000e+00, 0.000e+00, 0.000e+00, 0.000e+00, 0.000e+00,0.000e+00, 5.522e-02, 0.000e+00, 1.917e-01,0.000e+00, 36416440
0.000e+00, 0.000e+00, 0.000e+00, 0.000e+00, 0.000e+00,0.000e+00, 5.522e-02, 0.000e+00, 1.598e-01,0.000e+00, 36426578
0.000e+00, 0.000e+00, 0.000e+00, 0.000e+00, 0.000e+00,0.000e+00, 5.752e-02, 0.000e+00, 9.587e-02,0.000e+00, 36436721
0.000e+00, 0.000e+00, 0.000e+00, 0.000e+00, 0.000e+00,0.000e+00, 5.599e-02, 0.000e+00, 3.196e-02,0.000e+00, 36446858
0.000e+00, 0.000e+00, 0.000e+00, 0.000e+00, 0.000e+00,0.000e+00, 5.599e-02, 0.000e+00, -9.587e-02,0.000e+00, 36457008
0.000e+00, 0.000e+00, 0.000e+00, 0.000e+00, 0.000e+00,0.000e+00, 5.522e-02, 0.000e+00, -3.196e-02,0.000e+00, 36467147
0.000e+00, 0.000e+00, 0.000e+00, 0.000e+00, 0.000e+00,0.000e+00, 5.292e-02, 0.000e+00, -1.278e-01,0.000e+00, 36477287
0.000e+00, 0.000e+00, 0.000e+00, 0.000e+00, 0.000e+00,0.000e+00, 5.292e-02, 0.000e+00, -9.587e-02,0.000e+00, 36487428
0.000e+00, 0.000e+00, 0.000e+00, 0.000e+00, 0.000e+00,0.000e+00, 5.216e-02, 0.000e+00, -1.278e-01,0.000e+00, 36497567
0.000e+00, 0.000e+00, 0.000e+00, 0.000e+00, 0.000e+00,0.000e+00, 4.985e-02, 0.000e+00, -1.278e-01,0.000e+00, 36507707
0.000e+00, 0.000e+00, 0.000e+00, 0.000e+00, 0.000e+00,0.000e+00, 4.909e-02, 0.000e+00, -1.278e-01,0.000e+00, 36517846
0.000e+00, 0.000e+00, 0.000e+00, 0.000e+00, 0.000e+00,0.000e+00, 4.679e-02, 0.000e+00, -1.278e-01,0.000e+00, 36527998
0.000e+00, 0.000e+00, 0.000e+00, 0.000e+00, 0.000e+00,0.000e+00, 4.602e-02, 0.000e+00, -1.278e-01,0.000e+00, 36538137
0.000e+00, 0.000e+00, 0.000e+00, 0.000e+00, 0.000e+00,0.000e+00, 4.372e-02, 0.000e+00, -1.278e-01,0.000e+00, 36548275
0.000e+00, 0.000e+00, 0.000e+00, 0.000e+00, 0.000e+00,0.000e+00, 3.912e-02, 0.000e+00, -2.876e-01,0.000e+00, 36558416
0.000e+00, 0.000e+00, 0.000e+00, 0.000e+00, 0.000e+00,0.000e+00, 3.988e-02, 0.000e+00, -1.598e-01,0.000e+00, 36568555
0.000e+00, 0.000e+00, 0.000e+00, 0.000e+00, 0.000e+00,0.000e+00, 3.835e-02, 0.000e+00, -1.917e-01,0.000e+00, 36578694
0.000e+00, 0.000e+00, 0.000e+00, 0.000e+00, 0.000e+00,0.000e+00, 3.528e-02, 0.000e+00, -2.237e-01,0.000e+00, 36588836
0.000e+00, 0.000e+00, 0.000e+00, 0.000e+00, 0.000e+00,0.000e+00, 3.451e-02, 0.000e+00, -2.237e-01,0.000e+00, 36598976
0.000e+00, 0.000e+00, 0.000e+00, 0.000e+00, 0.000e+00,0.000e+00, 3.375e-02, 0.000e+00, -1.598e-01,0.000e+00, 36609123
0.000e+00, 0.000e+00, 0.000e+00, 0.000e+00, 0.000e+00,0.000e+00, 3.145e-02, 0.000e+00, -1.598e-01,0.000e+00, 36619261
0.000e+00, 0.000e+00, 0.000e+00, 0.000e+00, 0.000e+00,0.000e+00, 3.068e-02, 0.000e+00, -1.278e-01,0.000e+00, 36629401
0.000e+00, 0.000e+00, 0.000e+00, 0.000e+00, 0.000e+00,0.000e+00, 2.838e-02, 0.000e+00, -1.278e-01,0.000e+00, 36639540
0.000e+00, 0.000e+00, 0.000e+00, 0.000e+00, 0.000e+00,0.000e+00, 3.451e-02, 0.000e+00, 1.598e-01,0.000e+00, 36649679
0.000e+00, 0.000e+00, 0.000e+00, 0.000e+00, 0.000e+00,0.000e+00, 4.372e-02, 0.000e+00, 6.392e-01,0.000e+00, 36659816
0.000e+00, 0.000e+00, 0.000e+00, 0.000e+00, 0.000e+00,0.000e+00, 5.599e-02, 0.000e+00, 1.023e+00,0.000e+00, 36669953
0.000e+00, 0.000e+00, 0.000e+00, 0.000e+00, 0.000e+00,0.000e+00, 6.826e-02, 0.000e+00, 1.119e+00,0.000e+00, 36680104
0.000e+00, 0.000e+00, 0.000e+00, 0.000e+00, 0.000e+00,0.000e+00, 8.514e-02, 0.000e+00, 1.278e+00,0.000e+00, 36690241
0.000e+00, 0.000e+00, 0.000e+00, 0.000e+00, 0.000e+00,0.000e+00, 9.281e-02, 0.000e+00, 1.246e+00,0.000e+00, 36700378
0.000e+00, 0.000e+00, 0.000e+00, 0.000e+00, 0.000e+00,0.000e+00, 1.020e-01, 0.000e+00, 9.907e-01,0.000e+00, 36710513
0.000e+00, 0.000e+00, 0.000e+00, 0.000e+00, 0.000e+00,0.000e+00, 1.143e-01, 0.000e+00, 1.119e+00,0.000e+00, 36720647
0.000e+00, 0.000e+00, 0.000e+00, 0.000e+00, 0.000e+00,0.000e+00, 1.281e-01, 0.000e+00, 1.182e+00,0.000e+00, 36730783
0.000e+00, 0.000e+00, 0.000e+00, 0.000e+00, 0.000e+00,0.000e+00, 1.388e-01, 0.000e+00, 1.214e+00,0.000e+00, 36740920
0.000e+00, 0.000e+00, 0.000e+00, 0.000e+00, 0.000e+00,0.000e+00, 1.480e-01, 0.000e+00, 9.907e-01,0.000e+00, 36751070
0.000e+00, 0.000e+00, 0.000e+00, 0.000e+00, 0.000e+00,0.000e+00, 1.588e-01, 0.000e+00, 1.087e+00,0.000e+00, 36761207
0.000e+00, 0.000e+00, 0.000e+00, 0.000e+00, 0.000e+00,0.000e+00, 1.726e-01, 0.000e+00, 1.150e+00,0.000e+00, 36771344
0.000e+00, 0.000e+00, 0.000e+00, 0.000e+00, 0.000e+00,0.000e+00, 1.902e-01, 0.000e+00, 1.374e+00,0.000e+00, 36781484
0.000e+00, 0.000e+00, 0.000e+00, 0.000e+00, 0.000e+00,0.000e+00, 1.987e-01, 0.000e+00, 1.119e+00,0.000e+00, 36791619
0.000e+00, 0.000e+00, 0.000e+00, 0.000e+00, 0.000e+00,0.000e+00, 2.140e-01, 0.000e+00, 1.438e+00,0.000e+00, 36801756
0.000e+00, 0.000e+00, 0.000e+00, 0.000e+00, 0.000e+00,0.000e+00, 2.324e-01, 0.000e+00, 1.598e+00,0.000e+00, 36811891
0.000e+00, 0.000e+00, 0.000e+00, 0.000e+00, 0.000e+00,0.000e+00, 2.500e-01, 0.000e+00, 1.790e+00,0.000e+00, 36822041
0.000e+00, 0.000e+00, 0.000e+00, 0.000e+00, 0.000e+00,0.000e+00, 2.661e-01, 0.000e+00, 1.694e+00,0.000e+00, 36832179
0.000e+00, 0.000e+00, 0.000e+00, 0.000e+00, 0.000e+00,0.000e+00, 2.869e-01, 0.000e+00, 1.694e+00,0.000e+00, 36842315
0.000e+00, 0.000e+00, 0.000e+00, 0.000e+00, 0.000e+00,0.000e+00, 3.053e-01, 0.000e+00, 1.598e+00,0.000e+00, 36852453
0.000e+00, 0.000e+00, 0.000e+00, 0.000e+00, 0.000e+00,0.000e+00, 3.306e-01, 0.000e+00, 2.109e+00,0.000e+00, 36862592
0.000e+00, 0.000e+00, 0.000e+00, 0.000e+00, 0.000e+00,0.000e+00, 3.421e-01, 0.000e+00, 1.822e+00,0.000e+00, 36872726
0.000e+00, 0.000e+00, 0.000e+00, 0.000e+00, 0.000e+00,0.000e+00, 3.620e-01, 0.000e+00, 1.790e+00,0.000e+00, 36882862
0.000e+00, 0.000e+00, 0.000e+00, 0.000e+00, 0.000e+00,0.000e+00, 3.812e-01, 0.000e+00, 1.917e+00,0.000e+00, 36893009
0.000e+00, 0.000e+00, 0.000e+00, 0.000e+00, 0.000e+00,0.000e+00, 4.004e-01, 0.000e+00, 1.438e+00,0.000e+00, 36903147
0.000e+00, 0.000e+00, 0.000e+00, 0.000e+00, 0.000e+00,0.000e+00, 4.149e-01, 0.000e+00, 1.726e+00,0.000e+00, 36913283
0.000e+00, 0.000e+00, 0.000e+00, 0.000e+00, 0.000e+00,0.000e+00, 4.303e-01, 0.000e+00, 1.630e+00,0.000e+00, 36923421
0.000e+00, 0.000e+00, 0.000e+00, 0.000e+00, 0.000e+00,0.000e+00, 4.441e-01, 0.000e+00, 1.406e+00,0.000e+00, 36933556
0.000e+00, 0.000e+00, 0.000e+00, 0.000e+00, 0.000e+00,0.000e+00, 4.571e-01, 0.000e+00, 1.438e+00,0.000e+00, 36943694
0.000e+00, 0.000e+00, 0.000e+00, 0.000e+00, 0.000e+00,0.000e+00, 4.671e-01, 0.000e+00, 1.150e+00,0.000e+00, 36953828
0.000e+00, 0.000e+00, 0.000e+00, 0.000e+00, 0.000e+00,0.000e+00, 4.794e-01, 0.000e+00, 1.023e+00,0.000e+00, 36963964
0.000e+00, 0.000e+00, 0.000e+00, 0.000e+00, 0.000e+00,0.000e+00, 4.947e-01, 0.000e+00, 1.374e+00,0.000e+00, 36974113
0.000e+00, 0.000e+00, 0.000e+00, 0.000e+00, 0.000e+00,0.000e+00, 5.139e-01, 0.000e+00, 1.566e+00,0.000e+00, 36984248
0.000e+00, 0.000e+00, 0.000e+00, 0.000e+00, 0.000e+00,0.000e+00, 5.262e-01, 0.000e+00, 1.566e+00,0.000e+00, 36994385
0.000e+00, 0.000e+00, 0.000e+00, 0.000e+00, 0.000e+00,0.000e+00, 5.446e-01, 0.000e+00, 1.694e+00,0.000e+00, 37004517
0.000e+00, 0.000e+00, 0.000e+00, 0.000e+00, 0.000e+00,0.000e+00, 5.622e-01, 0.000e+00, 1.790e+00,0.000e+00, 37014654
0.000e+00, 0.000e+00, 0.000e+00, 0.000e+00, 0.000e+00,0.000e+00, 5.806e-01, 0.000e+00, 1.886e+00,0.000e+00, 37024790
0.000e+00, 0.000e+00, 0.000e+00, 0.000e+00, 0.000e+00,0.000e+00, 6.067e-01, 0.000e+00, 2.205e+00,0.000e+00, 37034926
0.000e+00, 0.000e+00, 0.000e+00, 0.000e+00, 0.000e+00,0.000e+00, 6.151e-01, 0.000e+00, 1.758e+00,0.000e+00, 37045075
0.000e+00, 0.000e+00, 0.000e+00, 0.000e+00, 0.000e+00,0.000e+00, 6.328e-01, 0.000e+00, 1.630e+00,0.000e+00, 37055209
0.000e+00, 0.000e+00, 0.000e+00, 0.000e+00, 0.000e+00,0.000e+00, 6.473e-01, 0.000e+00, 1.182e+00,0.000e+00, 37065349
0.000e+00, 0.000e+00, 0.000e+00, 0.000e+00, 0.000e+00,0.000e+00, 6.604e-01, 0.000e+00, 1.406e+00,0.000e+00, 37075485
0.000e+00, 0.000e+00, 0.000e+00, 0.000e+00, 0.000e+00,0.000e+00, 6.727e-01, 0.000e+00, 1.023e+00,0.000e+00, 37085622
0.000e+00, 0.000e+00, 0.000e+00, 0.000e+00, 0.000e+00,0.000e+00, 6.865e-01, 0.000e+00, 1.150e+00,0.000e+00, 37095759
0.000e+00, 0.000e+00, 0.000e+00, 0.000e+00, 0.000e+00,0.000e+00, 6.987e-01, 0.000e+00, 1.278e+00,0.000e+00, 37105898
0.000e+00, 0.000e+00, 0.000e+00, 0.000e+00, 0.000e+00,0.000e+00, 7.133e-01, 0.000e+00, 1.406e+00,0.000e+00, 37116049
0.000e+00, 0.000e+00, 0.000e+00, 0.000e+00, 0.000e+00,0.000e+00, 7.348e-01, 0.000e+00, 1.406e+00,0.000e+00, 37126186
0.000e+00, 0.000e+00, 0.000e+00, 0.000e+00, 0.000e+00,0.000e+00, 7.493e-01, 0.000e+00, 1.726e+00,0.000e+00, 37136324
0.000e+00, 0.000e+00, 0.000e+00, 0.000e+00, 0.000e+00,0.000e+00, 7.685e-01, 0.000e+00, 1.790e+00,0.000e+00, 37146462
0.000e+00, 0.000e+00, 0.000e+00, 0.000e+00, 0.000e+00,0.000e+00, 7.839e-01, 0.000e+00, 1.790e+00,0.000e+00, 37156598
0.000e+00, 0.000e+00, 0.000e+00, 0.000e+00, 0.000e+00,0.000e+00, 8.030e-01, 0.000e+00, 1.854e+00,0.000e+00, 37166734
0.000e+00, 0.000e+00, 0.000e+00, 0.000e+00, 0.000e+00,0.000e+00, 8.230e-01, 0.000e+00, 1.917e+00,0.000e+00, 37176872
0.000e+00, 0.000e+00, 0.000e+00, 0.000e+00, 0.000e+00,0.000e+00, 8.414e-01, 0.000e+00, 1.822e+00,0.000e+00, 37187019
0.000e+00, 0.000e+00, 0.000e+00, 0.000e+00, 0.000e+00,0.000e+00, 8.636e-01, 0.000e+00, 1.949e+00,0.000e+00, 37197156
0.000e+00, 0.000e+00, 0.000e+00, 0.000e+00, 0.000e+00,0.000e+00, 8.820e-01, 0.000e+00, 1.949e+00,0.000e+00, 37207297
0.000e+00, 0.000e+00, 0.000e+00, 0.000e+00, 0.000e+00,0.000e+00, 8.989e-01, 0.000e+00, 1.854e+00,0.000e+00, 37217433
0.000e+00, 0.000e+00, 0.000e+00, 0.000e+00, 0.000e+00,0.000e+00, 9.150e-01, 0.000e+00, 1.758e+00,0.000e+00, 37227572
0.000e+00, 0.000e+00, 0.000e+00, 0.000e+00, 0.000e+00,0.000e+00, 9.342e-01, 0.000e+00, 1.790e+00,0.000e+00, 37237707
0.000e+00, 0.000e+00, 0.000e+00, 0.000e+00, 0.000e+00,0.000e+00, 9.488e-01, 0.000e+00, 1.662e+00,0.000e+00, 37247842
0.000e+00, 0.000e+00, 0.000e+00, 0.000e+00, 0.000e+00,0.000e+00, 9.626e-01, 0.000e+00, 1.566e+00,0.000e+00, 37257978
0.000e+00, 0.000e+00, 0.000e+00, 0.000e+00, 0.000e+00,0.000e+00, 9.764e-01, 0.000e+00, 1.502e+00,0.000e+00, 37268125
0.000e+00, 0.000e+00, 0.000e+00, 0.000e+00, 0.000e+00,0.000e+00, 9.933e-01, 0.000e+00, 1.406e+00,0.000e+00, 37278260
0.000e+00, 0.000e+00, 0.000e+00, 0.000e+00, 0.000e+00,0.000e+00, 1.006e+00, 0.000e+00, 1.374e+00,0.000e+00, 37288397
0.000e+00, 0.000e+00, 0.000e+00, 0.000e+00, 0.000e+00,0.000e+00, 1.023e+00, 0.000e+00, 1.214e+00,0.000e+00, 37298533
0.000e+00, 0.000e+00, 0.000e+00, 0.000e+00, 0.000e+00,0.000e+00, 1.040e+00, 0.000e+00, 1.598e+00,0.000e+00, 37308668
0.000e+00, 0.000e+00, 0.000e+00, 0.000e+00, 0.000e+00,0.000e+00, 1.062e+00, 0.000e+00, 1.886e+00,0.000e+00, 37318803
0.000e+00, 0.000e+00, 0.000e+00, 0.000e+00, 0.000e+00,0.000e+00, 1.086e+00, 0.000e+00, 2.237e+00,0.000e+00, 37328937
0.000e+00, 0.000e+00, 0.000e+00, 0.000e+00, 0.000e+00,0.000e+00, 1.108e+00, 0.000e+00, 2.301e+00,0.000e+00, 37339085
0.000e+00, 0.000e+00, 0.000e+00, 0.000e+00, 0.000e+00,0.000e+00, 1.131e+00, 0.000e+00, 2.237e+00,0.000e+00, 37349221
0.000e+00, 0.000e+00, 0.000e+00, 0.000e+00, 0.000e+00,0.000e+00, 1.157e+00, 0.000e+00, 2.365e+00,0.000e+00, 37359358
0.000e+00, 0.000e+00, 0.000e+00, 0.000e+00, 0.000e+00,0.000e+00, 1.170e+00, 0.000e+00, 1.917e+00,0.000e+00, 37369497
0.000e+00, 0.000e+00, 0.000e+00, 0.000e+00, 0.000e+00,0.000e+00, 1.188e+00, 0.000e+00, 1.790e+00,0.000e+00, 37379632
0.000e+00, 0.000e+00, 0.000e+00, 0.000e+00, 0.000e+00,0.000e+00, 1.207e+00, 0.000e+00, 1.758e+00,0.000e+00, 37389765
0.000e+00, 0.000e+00, 0.000e+00, 0.000e+00, 0.000e+00,0.000e+00, 1.223e+00, 0.000e+00, 1.726e+00,0.000e+00, 37399898
0.000e+00, 0.000e+00, 0.000e+00, 0.000e+00, 0.000e+00,0.000e+00, 1.239e+00, 0.000e+00, 1.694e+00,0.000e+00, 37410048
0.000e+00, 0.000e+00, 0.000e+00, 0.000e+00, 0.000e+00,0.000e+00, 1.259e+00, 0.000e+00, 1.758e+00,0.000e+00, 37420183
0.000e+00, 0.000e+00, 0.000e+00, 0.000e+00, 0.000e+00,0.000e+00, 1.278e+00, 0.000e+00, 1.790e+00,0.000e+00, 37430320
0.000e+00, 0.000e+00, 0.000e+00, 0.000e+00, 0.000e+00,0.000e+00, 1.299e+00, 0.000e+00, 1.917e+00,0.000e+00, 37440456
0.000e+00, 0.000e+00, 0.000e+00, 0.000e+00, 0.000e+00,0.000e+00, 1.321e+00, 0.000e+00, 2.045e+00,0.000e+00, 37450588
0.000e+00, 0.000e+00, 0.000e+00, 0.000e+00, 0.000e+00,0.000e+00, 1.345e+00, 0.000e+00, 2.205e+00,0.000e+00, 37460725
0.000e+00, 0.000e+00, 0.000e+00, 0.000e+00, 0.000e+00,0.000e+00, 1.372e+00, 0.000e+00, 2.461e+00,0.000e+00, 37470862
0.000e+00, 0.000e+00, 0.000e+00, 0.000e+00, 0.000e+00,0.000e+00, 1.404e+00, 0.000e+00, 2.876e+00,0.000e+00, 37481009
0.000e+00, 0.000e+00, 0.000e+00, 0.000e+00, 0.000e+00,0.000e+00, 1.427e+00, 0.000e+00, 2.301e+00,0.000e+00, 37491144
0.000e+00, 0.000e+00, 0.000e+00, 0.000e+00, 0.000e+00,0.000e+00, 1.452e+00, 0.000e+00, 2.589e+00,0.000e+00, 37501278
0.000e+00, 0.000e+00, 0.000e+00, 0.000e+00, 0.000e+00,0.000e+00, 1.478e+00, 0.000e+00, 2.589e+00,0.000e+00, 37511414
0.000e+00, 0.000e+00, 0.000e+00, 0.000e+00, 0.000e+00,0.000e+00, 1.502e+00, 0.000e+00, 2.429e+00,0.000e+00, 37521549
0.000e+00, 0.000e+00, 0.000e+00, 0.000e+00, 0.000e+00,0.000e+00, 1.526e+00, 0.000e+00, 2.397e+00,0.000e+00, 37531682
0.000e+00, 0.000e+00, 0.000e+00, 0.000e+00, 0.000e+00,0.000e+00, 1.549e+00, 0.000e+00, 2.333e+00,0.000e+00, 37541815
0.000e+00, 1.572e+00, 0.000e+00, 2.333e+00, 0.000e+00,0.000e+00, 1.572e+00, 0.000e+00, 2.333e+00,0.000e+00, 37551998
0.000e+00, 1.600e+00, 0.000e+00, 2.397e+00, 0.000e+00,0.000e+00, 1.600e+00, 0.000e+00, 2.397e+00,0.000e+00, 37562165
0.000e+00, 1.627e+00, 0.000e+00, 2.301e+00, 0.000e+00,0.000e+00, 1.627e+00, 0.000e+00, 2.301e+00,0.000e+00, 37572330
0.000e+00, 1.660e+00, 0.000e+00, 2.972e+00, 0.000e+00,0.000e+00, 1.660e+00, 0.000e+00, 2.972e+00,0.000e+00, 37582501
0.000e+00, 1.683e+00, 0.000e+00, 2.812e+00, 0.000e+00,0.000e+00, 1.683e+00, 0.000e+00, 2.812e+00,0.000e+00, 37592671
0.000e+00, 1.713e+00, 0.000e+00, 2.876e+00, 0.000e+00,0.000e+00, 1.713e+00, 0.000e+00, 2.876e+00,0.000e+00, 37602839
0.000e+00, 1.740e+00, 0.000e+00, 2.780e+00, 0.000e+00,0.000e+00, 1.740e+00, 0.000e+00, 2.780e+00,0.000e+00, 37613026
0.000e+00, 1.770e+00, 0.000e+00, 2.748e+00, 0.000e+00,0.000e+00, 1.770e+00, 0.000e+00, 2.748e+00,0.000e+00, 37623197
0.000e+00, 1.796e+00, 0.000e+00, 2.716e+00, 0.000e+00,0.000e+00, 1.796e+00, 0.000e+00, 2.716e+00,0.000e+00, 37633369
0.000e+00, 1.821e+00, 0.000e+00, 2.589e+00, 0.000e+00,0.000e+00, 1.821e+00, 0.000e+00, 2.589e+00,0.000e+00, 37643535
0.000e+00, 1.850e+00, 0.000e+00, 2.653e+00, 0.000e+00,0.000e+00, 1.850e+00, 0.000e+00, 2.653e+00,0.000e+00, 37653702
0.000e+00, 1.873e+00, 0.000e+00, 2.557e+00, 0.000e+00,0.000e+00, 1.873e+00, 0.000e+00, 2.557e+00,0.000e+00, 37663868
0.000e+00, 1.898e+00, 0.000e+00, 2.557e+00, 0.000e+00,0.000e+00, 1.898e+00, 0.000e+00, 2.557e+00,0.000e+00, 37674053
0.000e+00, 1.924e+00, 0.000e+00, 2.077e+00, 0.000e+00,0.000e+00, 1.924e+00, 0.000e+00, 2.077e+00,0.000e+00, 37684224
0.000e+00, 1.954e+00, 0.000e+00, 2.589e+00, 0.000e+00,0.000e+00, 1.954e+00, 0.000e+00, 2.589e+00,0.000e+00, 37694394
0.000e+00, 1.980e+00, 0.000e+00, 2.589e+00, 0.000e+00,0.000e+00, 1.980e+00, 0.000e+00, 2.589e+00,0.000e+00, 37704563
0.000e+00, 2.010e+00, 0.000e+00, 2.812e+00, 0.000e+00,0.000e+00, 2.010e+00, 0.000e+00, 2.812e+00,0.000e+00, 37714734
0.000e+00, 2.046e+00, 0.000e+00, 3.036e+00, 0.000e+00,0.000e+00, 2.046e+00, 0.000e+00, 3.036e+00,0.000e+00, 37724904
0.000e+00, 2.072e+00, 0.000e+00, 3.068e+00, 0.000e+00,0.000e+00, 2.072e+00, 0.000e+00, 3.068e+00,0.000e+00, 37735088
0.000e+00, 2.106e+00, 0.000e+00, 2.844e+00, 0.000e+00,0.000e+00, 2.106e+00, 0.000e+00, 2.844e+00,0.000e+00, 37745263
0.000e+00, 2.135e+00, 0.000e+00, 2.940e+00, 0.000e+00,0.000e+00, 2.135e+00, 0.000e+00, 2.940e+00,0.000e+00, 37755436
0.000e+00, 2.161e+00, 0.000e+00, 2.684e+00, 0.000e+00,0.000e+00, 2.161e+00, 0.000e+00, 2.684e+00,0.000e+00, 37765607
0.000e+00, 2.188e+00, 0.000e+00, 2.684e+00, 0.000e+00,0.000e+00, 2.188e+00, 0.000e+00, 2.684e+00,0.000e+00, 37775781
0.000e+00, 2.207e+00, 0.000e+00, 2.333e+00, 0.000e+00,0.000e+00, 2.207e+00, 0.000e+00, 2.333e+00,0.000e+00, 37785952
0.000e+00, 2.231e+00, 0.000e+00, 2.301e+00, 0.000e+00,0.000e+00, 2.231e+00, 0.000e+00, 2.301e+00,0.000e+00, 37796132
0.000e+00, 2.255e+00, 0.000e+00, 2.237e+00, 0.000e+00,0.000e+00, 2.255e+00, 0.000e+00, 2.237e+00,0.000e+00, 37806300
0.000e+00, 2.276e+00, 0.000e+00, 2.109e+00, 0.000e+00,0.000e+00, 2.276e+00, 0.000e+00, 2.109e+00,0.000e+00, 37816470
0.000e+00, 2.295e+00, 0.000e+00, 2.013e+00, 0.000e+00,0.000e+00, 2.295e+00, 0.000e+00, 2.013e+00,0.000e+00, 37826644
0.000e+00, 2.315e+00, 0.000e+00, 2.045e+00, 0.000e+00,0.000e+00, 2.315e+00, 0.000e+00, 2.045e+00,0.000e+00, 37836815
0.000e+00, 2.342e+00, 0.000e+00, 2.237e+00, 0.000e+00,0.000e+00, 2.342e+00, 0.000e+00, 2.237e+00,0.000e+00, 37847000
-1.813e-03, 2.361e+00, -3.812e+00, -1.399e+00, -1.842e+01,0.000e+00, 2.362e+00, 0.000e+00, 2.205e+00,1.200e+01, 37857250
5.198e-02, 2.387e+00, -6.036e+00, -5.676e+00, -3.443e+01,6.542e-02, 2.392e+00, 2.726e+00, 2.621e+00,1.200e+01, 37867530
1.559e-01, 2.490e+00, -2.420e+00, -2.973e+00, -3.634e+01,1.655e-01, 2.508e+00, 6.895e+00, 6.519e+00,1.200e+01, 37877810
2.908e-01, 2.653e+00, 1.121e+00, 1.628e+00, -4.005e+01,2.963e-01, 2.661e+00, 1.106e+01, 1.189e+01,1.200e+01, 37888116
4.460e-01, 2.893e+00, 1.426e+00, 6.343e+00, -4.803e+01,4.541e-01, 2.901e+00, 1.331e+01, 1.844e+01,1.200e+01, 37898408
6.328e-01, 3.077e+00, 2.929e+00, 6.546e+00, -5.254e+01,6.465e-01, 3.083e+00, 1.636e+01, 1.978e+01,1.200e+01, 37908700
8.596e-01, 3.228e+00, 6.526e+00, 5.159e+00, -5.176e+01,8.659e-01, 3.231e+00, 1.972e+01, 1.764e+01,1.200e+01, 37919009
1.125e+00, 3.439e+00, 1.028e+01, 4.872e+00, -4.949e+01,1.131e+00, 3.446e+00, 2.277e+01, 1.716e+01,1.200e+01, 37929303
1.372e+00, 3.681e+00, 1.086e+01, 7.525e+00, -5.327e+01,1.378e+00, 3.691e+00, 2.405e+01, 2.116e+01,1.200e+01, 37939605
1.620e+00, 3.993e+00, 2.453e+01, 2.592e+01, -5.948e+01,1.620e+00, 3.993e+00, 2.453e+01, 2.592e+01,0.000e+00, 37949883
1.793e+00, 4.298e+00, 2.133e+01, 2.927e+01, -5.948e+01,1.793e+00, 4.298e+00, 2.133e+01, 2.927e+01,0.000e+00, 37960178
1.901e+00, 4.598e+00, 1.475e+01, 2.883e+01, -5.948e+01,1.901e+00, 4.598e+00, 1.475e+01, 2.883e+01,0.000e+00, 37970462
1.920e+00, 4.682e+00, 1.251e+01, 2.873e+01, -5.948e+01,1.967e+00, 4.902e+00, 8.980e+00, 2.899e+01,0.000e+00, 37980732
1.920e+00, 4.682e+00, 1.251e+01, 2.873e+01, -5.948e+01,2.028e+00, 5.231e+00, 6.735e+00, 3.100e+01,0.000e+00, 37991015
1.920e+00, 4.682e+00, 1.251e+01, 2.873e+01, -5.948e+01,2.070e+00, 5.603e+00, 5.131e+00, 3.311e+01,0.000e+00, 38001291
1.920e+00, 4.682e+00, 1.251e+01, 2.873e+01, -5.948e+01,2.097e+00, 5.992e+00, 3.688e+00, 3.595e+01,0.000e+00, 38011574
1.920e+00, 4.682e+00, 1.251e+01, 2.873e+01, -5.948e+01,2.094e+00, 6.347e+00, 1.443e+00, 3.672e+01,0.000e+00, 38021852
1.920e+00, 4.682e+00, 1.251e+01, 2.873e+01, -5.948e+01,2.082e+00, 6.658e+00, -1.603e-01, 3.429e+01,0.000e+00, 38032146
1.920e+00, 4.682e+00, 1.251e+01, 2.873e+01, -5.948e+01,2.094e+00, 6.972e+00, -3.207e-01, 3.062e+01,0.000e+00, 38042422
1.920e+00, 4.682e+00, 1.251e+01, 2.873e+01, -5.948e+01,2.097e+00, 7.247e+00, 6.414e-01, 2.822e+01,0.000e+00, 38052692
1.920e+00, 4.682e+00, 1.251e+01, 2.873e+01, -5.948e+01,2.097e+00, 7.519e+00, 4.810e-01, 2.761e+01,0.000e+00, 38062964
1.920e+00, 4.682e+00, 1.251e+01, 2.873e+01, -5.948e+01,2.097e+00, 7.773e+00, 0.000e+00, 2.688e+01,0.000e+00, 38073232
1.920e+00, 4.682e+00, 1.251e+01, 2.873e+01, -5.948e+01,2.097e+00, 8.037e+00, 0.000e+00, 2.493e+01,0.000e+00, 38083489
1.920e+00, 4.682e+00, 1.251e+01, 2.873e+01, -5.948e+01,2.094e+00, 8.277e+00, -1.603e-01, 2.397e+01,0.000e+00, 38093752
1.920e+00, 4.682e+00, 1.251e+01, 2.873e+01, -5.948e+01,2.090e+00, 8.511e+00, -3.207e-01, 2.358e+01,0.000e+00, 38104035
1.920e+00, 4.682e+00, 1.251e+01, 2.873e+01, -5.948e+01,2.094e+00, 8.774e+00, -1.603e-01, 2.384e+01,0.000e+00, 38114310
1.920e+00, 4.682e+00, 1.251e+01, 2.873e+01, -5.948e+01,2.094e+00, 9.003e+00, 1.603e-01, 2.358e+01,0.000e+00, 38124582
1.920e+00, 4.682e+00, 1.251e+01, 2.873e+01, -5.948e+01,2.094e+00, 9.237e+00, 0.000e+00, 2.330e+01,0.000e+00, 38134838
1.920e+00, 4.682e+00, 1.251e+01, 2.873e+01, -5.948e+01,2.094e+00, 9.454e+00, 0.000e+00, 2.266e+01,0.000e+00, 38145101
1.920e+00, 4.682e+00, 1.251e+01, 2.873e+01, -5.948e+01,2.094e+00, 9.708e+00, 0.000e+00, 2.279e+01,0.000e+00, 38155350
1.920e+00, 4.682e+00, 1.251e+01, 2.873e+01, -5.948e+01,2.094e+00, 9.928e+00, 0.000e+00, 2.231e+01,0.000e+00, 38165604
1.920e+00, 4.682e+00, 1.251e+01, 2.873e+01, -5.948e+01,2.090e+00, 1.016e+01, -1.603e-01, 2.253e+01,0.000e+00, 38175871
1.920e+00, 4.682e+00, 1.251e+01, 2.873e+01, -5.948e+01,2.090e+00, 1.041e+01, -1.603e-01, 2.352e+01,0.000e+00, 38186160
1.920e+00, 4.682e+00, 1.251e+01, 2.873e+01, -5.948e+01,2.090e+00, 1.068e+01, 0.000e+00, 2.454e+01,0.000e+00, 38196424
1.920e+00, 4.682e+00, 1.251e+01, 2.873e+01, -5.948e+01,2.090e+00, 1.094e+01, 0.000e+00, 2.531e+01,0.000e+00, 38206680
1.920e+00, 4.682e+00, 1.251e+01, 2.873e+01, -5.948e+01,2.090e+00, 1.120e+01, 0.000e+00, 2.595e+01,0.000e+00, 38216939
1.920e+00, 4.682e+00, 1.251e+01, 2.873e+01, -5.948e+01,2.090e+00, 1.147e+01, 0.000e+00, 2.640e+01,0.000e+00, 38227213
1.920e+00, 4.682e+00, 1.251e+01, 2.873e+01, -5.948e+01,2.090e+00, 1.177e+01, 0.000e+00, 2.704e+01,0.000e+00, 38237473
1.920e+00, 4.682e+00, 1.251e+01, 2.873e+01, -5.948e+01,2.090e+00, 1.204e+01, 0.000e+00, 2.716e+01,0.000e+00, 38247726
1.920e+00, 4.682e+00, 1.251e+01, 2.873e+01, -5.948e+01,2.090e+00, 1.230e+01, 0.000e+00, 2.691e+01,0.000e+00, 38258000
1.920e+00, 4.682e+00, 1.251e+01, 2.873e+01, -5.948e+01,2.094e+00, 1.259e+01, 1.603e-01, 2.640e+01,0.000e+00, 38268270
1.920e+00, 4.682e+00, 1.251e+01, 2.873e+01, -5.948e+01,2.094e+00, 1.285e+01, 1.603e-01, 2.579e+01,0.000e+00, 38278548
1.920e+00, 4.682e+00, 1.251e+01, 2.873e+01, -5.948e+01,2.094e+00, 1.310e+01, 1.603e-01, 2.547e+01,0.000e+00, 38288824
1.920e+00, 4.682e+00, 1.251e+01, 2.873e+01, -5.948e+01,2.094e+00, 1.334e+01, 0.000e+00, 2.490e+01,0.000e+00, 38299099
1.920e+00, 4.682e+00, 1.251e+01, 2.873e+01, -5.948e+01,2.094e+00, 1.362e+01, 0.000e+00, 2.438e+01,0.000e+00, 38309356
1.920e+00, 4.682e+00, 1.251e+01, 2.873e+01, -5.948e+01,2.094e+00, 1.385e+01, 0.000e+00, 2.435e+01,0.000e+00, 38319616
1.920e+00, 4.682e+00, 1.251e+01, 2.873e+01, -5.948e+01,2.094e+00, 1.408e+01, 0.000e+00, 2.355e+01,0.000e+00, 38329874
1.920e+00, 4.682e+00, 1.251e+01, 2.873e+01, -5.948e+01,2.094e+00, 1.430e+01, 0.000e+00, 2.256e+01,0.000e+00, 38340151
1.920e+00, 4.682e+00, 1.251e+01, 2.873e+01, -5.948e+01,2.094e+00, 1.454e+01, 0.000e+00, 2.234e+01,0.000e+00, 38350404
1.920e+00, 4.682e+00, 1.251e+01, 2.873e+01, -5.948e+01,2.094e+00, 1.475e+01, 0.000e+00, 2.122e+01,0.000e+00, 38360660
1.920e+00, 4.682e+00, 1.251e+01, 2.873e+01, -5.948e+01,2.094e+00, 1.496e+01, 0.000e+00, 2.093e+01,0.000e+00, 38370914
1.920e+00, 4.682e+00, 1.251e+01, 2.873e+01, -5.948e+01,2.094e+00, 1.515e+01, 0.000e+00, 2.004e+01,0.000e+00, 38381178
1.920e+00, 4.682e+00, 1.251e+01, 2.873e+01, -5.948e+01,2.094e+00, 1.536e+01, 0.000e+00, 1.937e+01,0.000e+00, 38391434
1.920e+00, 4.682e+00, 1.251e+01, 2.873e+01, -5.948e+01,2.094e+00, 1.555e+01, 0.000e+00, 1.873e+01,0.000e+00, 38401687
1.920e+00, 4.682e+00, 1.251e+01, 2.873e+01, -5.948e+01,2.094e+00, 1.572e+01, 0.000e+00, 1.834e+01,0.000e+00, 38411944
1.920e+00, 4.682e+00, 1.251e+01, 2.873e+01, -5.948e+01,2.094e+00, 1.591e+01, 0.000e+00, 1.854e+01,0.000e+00, 38422216
1.920e+00, 4.682e+00, 1.251e+01, 2.873e+01, -5.948e+01,2.094e+00, 1.612e+01, 0.000e+00, 1.866e+01,0.000e+00, 38432470
1.920e+00, 4.682e+00, 1.251e+01, 2.873e+01, -5.948e+01,2.094e+00, 1.630e+01, 0.000e+00, 1.831e+01,0.000e+00, 38442725
1.920e+00, 4.682e+00, 1.251e+01, 2.873e+01, -5.948e+01,2.094e+00, 1.648e+01, 0.000e+00, 1.806e+01,0.000e+00, 38452983
1.920e+00, 4.682e+00, 1.251e+01, 2.873e+01, -5.948e+01,2.090e+00, 1.670e+01, -1.603e-01, 1.917e+01,0.000e+00, 38463272
1.920e+00, 4.682e+00, 1.251e+01, 2.873e+01, -5.948e+01,2.090e+00, 1.691e+01, -1.603e-01, 2.042e+01,0.000e+00, 38473548
1.920e+00, 4.682e+00, 1.251e+01, 2.873e+01, -5.948e+01,2.090e+00, 1.713e+01, 0.000e+00, 2.132e+01,0.000e+00, 38483805
1.920e+00, 4.682e+00, 1.251e+01, 2.873e+01, -5.948e+01,2.090e+00, 1.735e+01, 0.000e+00, 2.157e+01,0.000e+00, 38494072
1.920e+00, 4.682e+00, 1.251e+01, 2.873e+01, -5.948e+01,2.090e+00, 1.760e+01, 0.000e+00, 2.263e+01,0.000e+00, 38504330
1.920e+00, 4.682e+00, 1.251e+01, 2.873e+01, -5.948e+01,2.090e+00, 1.783e+01, 0.000e+00, 2.304e+01,0.000e+00, 38514584
1.920e+00, 4.682e+00, 1.251e+01, 2.873e+01, -5.948e+01,2.090e+00, 1.806e+01, 0.000e+00, 2.333e+01,0.000e+00, 38524836
1.920e+00, 4.682e+00, 1.251e+01, 2.873e+01, -5.948e+01,2.090e+00, 1.830e+01, 0.000e+00, 2.362e+01,0.000e+00, 38535111
1.920e+00, 4.682e+00, 1.251e+01, 2.873e+01, -5.948e+01,2.090e+00, 1.857e+01, 0.000e+00, 2.406e+01,0.000e+00, 38545365
1.920e+00, 4.682e+00, 1.251e+01, 2.873e+01, -5.948e+01,2.094e+00, 1.881e+01, 1.603e-01, 2.390e+01,0.000e+00, 38555630
1.920e+00, 4.682e+00, 1.251e+01, 2.873e+01, -5.948e+01,2.094e+00, 1.904e+01, 1.603e-01, 2.327e+01,0.000e+00, 38565908
1.920e+00, 4.682e+00, 1.251e+01, 2.873e+01, -5.948e+01,2.094e+00, 1.927e+01, 1.603e-01, 2.352e+01,0.000e+00, 38576200
1.920e+00, 4.682e+00, 1.251e+01, 2.873e+01, -5.948e+01,2.094e+00, 1.950e+01, 0.000e+00, 2.224e+01,0.000e+00, 38586456
1.920e+00, 4.682e+00, 1.251e+01, 2.873e+01, -5.948e+01,2.094e+00, 1.971e+01, 0.000e+00, 2.109e+01,0.000e+00, 38596707
1.920e+00, 4.682e+00, 1.251e+01, 2.873e+01, -5.948e+01,2.094e+00, 1.992e+01, 0.000e+00, 2.093e+01,0.000e+00, 38606968
1.920e+00, 4.682e+00, 1.251e+01, 2.873e+01, -5.948e+01,2.094e+00, 2.011e+01, 0.000e+00, 2.001e+01,0.000e+00, 38617231
1.920e+00, 4.682e+00, 1.251e+01, 2.873e+01, -5.948e+01,2.094e+00, 2.032e+01, 0.000e+00, 1.905e+01,0.000e+00, 38627487
1.920e+00, 4.682e+00, 1.251e+01, 2.873e+01, -5.948e+01,2.094e+00, 2.049e+01, 0.000e+00, 1.825e+01,0.000e+00, 38637747
1.920e+00, 4.682e+00, 1.251e+01, 2.873e+01, -5.948e+01,2.094e+00, 2.067e+01, 0.000e+00, 1.796e+01,0.000e+00, 38648017
1.920e+00, 4.682e+00, 1.251e+01, 2.873e+01, -5.948e+01,2.094e+00, 2.086e+01, 0.000e+00, 1.710e+01,0.000e+00, 38658271
1.920e+00, 4.682e+00, 1.251e+01, 2.873e+01, -5.948e+01,2.094e+00, 2.101e+01, 0.000e+00, 1.633e+01,0.000e+00, 38668526
1.920e+00, 4.682e+00, 1.251e+01, 2.873e+01, -5.948e+01,2.094e+00, 2.116e+01, 0.000e+00, 1.550e+01,0.000e+00, 38678779
1.920e+00, 4.682e+00, 1.251e+01, 2.873e+01, -5.948e+01,2.094e+00, 2.132e+01, 0.000e+00, 1.528e+01,0.000e+00, 38689049
1.920e+00, 4.682e+00, 1.251e+01, 2.873e+01, -5.948e+01,2.094e+00, 2.148e+01, 0.000e+00, 1.489e+01,0.000e+00, 38699300
1.920e+00, 4.682e+00, 1.251e+01, 2.873e+01, -5.948e+01,2.094e+00, 2.162e+01, 0.000e+00, 1.480e+01,0.000e+00, 38709546
1.920e+00, 4.682e+00, 1.251e+01, 2.873e+01, -5.948e+01,2.094e+00, 2.177e+01, 0.000e+00, 1.444e+01,0.000e+00, 38719800
1.920e+00, 4.682e+00, 1.251e+01, 2.873e+01, -5.948e+01,2.094e+00, 2.190e+01, 0.000e+00, 1.416e+01,0.000e+00, 38730064
1.920e+00, 4.682e+00, 1.251e+01, 2.873e+01, -5.948e+01,2.094e+00, 2.204e+01, 0.000e+00, 1.329e+01,0.000e+00, 38740319
1.920e+00, 4.682e+00, 1.251e+01, 2.873e+01, -5.948e+01,2.094e+00, 2.217e+01, 0.000e+00, 1.297e+01,0.000e+00, 38750574
1.920e+00, 4.682e+00, 1.251e+01, 2.873e+01, -5.948e+01,2.094e+00, 2.231e+01, 0.000e+00, 1.320e+01,0.000e+00, 38760826
1.920e+00, 4.682e+00, 1.251e+01, 2.873e+01, -5.948e+01,2.094e+00, 2.244e+01, 0.000e+00, 1.333e+01,0.000e+00, 38771098
1.920e+00, 4.682e+00, 1.251e+01, 2.873e+01, -5.948e+01,2.094e+00, 2.260e+01, 0.000e+00, 1.368e+01,0.000e+00, 38781349
1.920e+00, 4.682e+00, 1.251e+01, 2.873e+01, -5.948e+01,2.094e+00, 2.274e+01, 0.000e+00, 1.409e+01,0.000e+00, 38791602
1.920e+00, 4.682e+00, 1.251e+01, 2.873e+01, -5.948e+01,2.094e+00, 2.289e+01, 0.000e+00, 1.448e+01,0.000e+00, 38801852
1.920e+00, 4.682e+00, 1.251e+01, 2.873e+01, -5.948e+01,2.090e+00, 2.305e+01, -1.603e-01, 1.512e+01,0.000e+00, 38812141
1.920e+00, 4.682e+00, 1.251e+01, 2.873e+01, -5.948e+01,2.090e+00, 2.324e+01, -1.603e-01, 1.659e+01,0.000e+00, 38822416
1.920e+00, 4.682e+00, 1.251e+01, 2.873e+01, -5.948e+01,2.090e+00, 2.341e+01, 0.000e+00, 1.713e+01,0.000e+00, 38832668
1.920e+00, 4.682e+00, 1.251e+01, 2.873e+01, -5.948e+01,2.090e+00, 2.359e+01, 0.000e+00, 1.745e+01,0.000e+00, 38842923
1.920e+00, 4.682e+00, 1.251e+01, 2.873e+01, -5.948e+01,2.090e+00, 2.378e+01, 0.000e+00, 1.831e+01,0.000e+00, 38853190
1.920e+00, 4.682e+00, 1.251e+01, 2.873e+01, -5.948e+01,2.090e+00, 2.400e+01, 0.000e+00, 1.927e+01,0.000e+00, 38863452
1.920e+00, 4.682e+00, 1.251e+01, 2.873e+01, -5.948e+01,2.090e+00, 2.420e+01, 0.000e+00, 1.972e+01,0.000e+00, 38873710
1.920e+00, 4.682e+00, 1.251e+01, 2.873e+01, -5.948e+01,2.090e+00, 2.440e+01, 0.000e+00, 2.017e+01,0.000e+00, 38883966
1.920e+00, 4.682e+00, 1.251e+01, 2.873e+01, -5.948e+01,2.090e+00, 2.462e+01, 0.000e+00, 2.077e+01,0.000e+00, 38894229
1.920e+00, 4.682e+00, 1.251e+01, 2.873e+01, -5.948e+01,2.090e+00, 2.485e+01, 0.000e+00, 2.109e+01,0.000e+00, 38904489
1.920e+00, 4.682e+00, 1.251e+01, 2.873e+01, -5.948e+01,2.090e+00, 2.505e+01, 0.000e+00, 2.074e+01,0.000e+00, 38914744
1.920e+00, 4.682e+00, 1.251e+01, 2.873e+01, -5.948e+01,2.090e+00, 2.525e+01, 0.000e+00, 2.064e+01,0.000e+00, 38925019
1.920e+00, 4.682e+00, 1.251e+01, 2.873e+01, -5.948e+01,2.090e+00, 2.548e+01, 0.000e+00, 2.042e+01,0.000e+00, 38935281
1.920e+00, 4.682e+00, 1.251e+01, 2.873e+01, -5.948e+01,2.090e+00, 2.567e+01, 0.000e+00, 1.997e+01,0.000e+00, 38945542
1.920e+00, 4.682e+00, 1.251e+01, 2.873e+01, -5.948e+01,2.090e+00, 2.585e+01, 0.000e+00, 1.857e+01,0.000e+00, 38955793
1.920e+00, 4.682e+00, 1.251e+01, 2.873e+01, -5.948e+01,2.094e+00, 2.603e+01, 1.603e-01, 1.777e+01,0.000e+00, 38966079
1.920e+00, 4.682e+00, 1.251e+01, 2.873e+01, -5.948e+01,2.094e+00, 2.621e+01, 1.603e-01, 1.713e+01,0.000e+00, 38976350
1.920e+00, 4.682e+00, 1.251e+01, 2.873e+01, -5.948e+01,2.094e+00, 2.638e+01, 1.603e-01, 1.700e+01,0.000e+00, 38986615
1.920e+00, 4.682e+00, 1.251e+01, 2.873e+01, -5.948e+01,2.094e+00, 2.653e+01, 0.000e+00, 1.595e+01,0.000e+00, 38996867
1.920e+00, 4.682e+00, 1.251e+01, 2.873e+01, -5.948e+01,2.094e+00, 2.668e+01, 0.000e+00, 1.508e+01,0.000e+00, 39007133
1.920e+00, 4.682e+00, 1.251e+01, 2.873e+01, -5.948e+01,2.094e+00, 2.683e+01, 0.000e+00, 1.444e+01,0.000e+00, 39017391
1.920e+00, 4.682e+00, 1.251e+01, 2.873e+01, -5.948e+01,2.094e+00, 2.696e+01, 0.000e+00, 1.355e+01,0.000e+00, 39027644
1.920e+00, 4.682e+00, 1.251e+01, 2.873e+01, -5.948e+01,2.094e+00, 2.708e+01, 0.000e+00, 1.275e+01,0.000e+00, 39037900
1.920e+00, 4.682e+00, 1.251e+01, 2.873e+01, -5.948e+01,2.094e+00, 2.720e+01, 0.000e+00, 1.202e+01,0.000e+00, 39048169
1.920e+00, 4.682e+00, 1.251e+01, 2.873e+01, -5.948e+01,2.094e+00, 2.732e+01, 0.000e+00, 1.131e+01,0.000e+00, 39058425
1.920e+00, 4.682e+00, 1.251e+01, 2.873e+01, -5.948e+01,2.094e+00, 2.742e+01, 0.000e+00, 1.039e+01,0.000e+00, 39068680
1.920e+00, 4.682e+00, 1.251e+01, 2.873e+01, -5.948e+01,2.094e+00, 2.752e+01, 0.000e+00, 1.007e+01,0.000e+00, 39078931
1.920e+00, 4.682e+00, 1.251e+01, 2.873e+01, -5.948e+01,2.094e+00, 2.761e+01, 0.000e+00, 9.555e+00,0.000e+00, 39089195
1.920e+00, 4.682e+00, 1.251e+01, 2.873e+01, -5.948e+01,2.094e+00, 2.771e+01, 0.000e+00, 9.364e+00,0.000e+00, 39099445
1.920e+00, 4.682e+00, 1.251e+01, 2.873e+01, -5.948e+01,2.094e+00, 2.780e+01, 0.000e+00, 8.788e+00,0.000e+00, 39109695
1.920e+00, 4.682e+00, 1.251e+01, 2.873e+01, -5.948e+01,2.094e+00, 2.788e+01, 0.000e+00, 8.533e+00,0.000e+00, 39119942
1.920e+00, 4.682e+00, 1.251e+01, 2.873e+01, -5.948e+01,2.094e+00, 2.796e+01, 0.000e+00, 8.213e+00,0.000e+00, 39130202
1.920e+00, 4.682e+00, 1.251e+01, 2.873e+01, -5.948e+01,2.094e+00, 2.805e+01, 0.000e+00, 7.894e+00,0.000e+00, 39140448
1.920e+00, 4.682e+00, 1.251e+01, 2.873e+01, -5.948e+01,2.094e+00, 2.812e+01, 0.000e+00, 7.926e+00,0.000e+00, 39150699
1.920e+00, 4.682e+00, 1.251e+01, 2.873e+01, -5.948e+01,2.094e+00, 2.820e+01, 0.000e+00, 7.766e+00,0.000e+00, 39160943
1.920e+00, 4.682e+00, 1.251e+01, 2.873e+01, -5.948e+01,2.094e+00, 2.827e+01, 0.000e+00, 7.734e+00,0.000e+00, 39171208
1.920e+00, 4.682e+00, 1.251e+01, 2.873e+01, -5.948e+01,2.094e+00, 2.837e+01, 0.000e+00, 7.989e+00,0.000e+00, 39181456
1.920e+00, 4.682e+00, 1.251e+01, 2.873e+01, -5.948e+01,2.094e+00, 2.845e+01, 0.000e+00, 8.213e+00,0.000e+00, 39191704
1.920e+00, 4.682e+00, 1.251e+01, 2.873e+01, -5.948e+01,2.094e+00, 2.854e+01, 0.000e+00, 8.565e+00,0.000e+00, 39201953
1.920e+00, 4.682e+00, 1.251e+01, 2.873e+01, -5.948e+01,2.094e+00, 2.863e+01, 0.000e+00, 8.916e+00,0.000e+00, 39212217
1.920e+00, 4.682e+00, 1.251e+01, 2.873e+01, -5.948e+01,2.094e+00, 2.873e+01, 0.000e+00, 8.948e+00,0.000e+00, 39222470
1.920e+00, 4.682e+00, 1.251e+01, 2.873e+01, -5.948e+01,2.094e+00, 2.883e+01, 0.000e+00, 9.587e+00,0.000e+00, 39232718
1.920e+00, 4.682e+00, 1.251e+01, 2.873e+01, -5.948e+01,2.094e+00, 2.893e+01, 0.000e+00, 9.843e+00,0.000e+00, 39242969
1.920e+00, 4.682e+00, 1.251e+01, 2.873e+01, -5.948e+01,2.094e+00, 2.903e+01, 0.000e+00, 1.035e+01,0.000e+00, 39253233
1.920e+00, 4.682e+00, 1.251e+01, 2.873e+01, -5.948e+01,2.094e+00, 2.916e+01, 0.000e+00, 1.087e+01,0.000e+00, 39263487
1.920e+00, 4.682e+00, 1.251e+01, 2.873e+01, -5.948e+01,2.094e+00, 2.928e+01, 0.000e+00, 1.154e+01,0.000e+00, 39273737
1.920e+00, 4.682e+00, 1.251e+01, 2.873e+01, -5.948e+01,2.094e+00, 2.941e+01, 0.000e+00, 1.227e+01,0.000e+00, 39284004
1.920e+00, 4.682e+00, 1.251e+01, 2.873e+01, -5.948e+01,2.094e+00, 2.956e+01, 0.000e+00, 1.326e+01,0.000e+00, 39294254
1.920e+00, 4.682e+00, 1.251e+01, 2.873e+01, -5.948e+01,2.094e+00, 2.970e+01, 0.000e+00, 1.377e+01,0.000e+00, 39304513
1.920e+00, 4.682e+00, 1.251e+01, 2.873e+01, -5.948e+01,2.094e+00, 2.985e+01, 0.000e+00, 1.444e+01,0.000e+00, 39314774
1.920e+00, 4.682e+00, 1.251e+01, 2.873e+01, -5.948e+01,2.094e+00, 3.001e+01, 0.000e+00, 1.537e+01,0.000e+00, 39325038
1.920e+00, 4.682e+00, 1.251e+01, 2.873e+01, -5.948e+01,2.094e+00, 3.019e+01, 0.000e+00, 1.630e+01,0.000e+00, 39335290
1.920e+00, 4.682e+00, 1.251e+01, 2.873e+01, -5.948e+01,2.094e+00, 3.037e+01, 0.000e+00, 1.700e+01,0.000e+00, 39345544
1.920e+00, 4.682e+00, 1.251e+01, 2.873e+01, -5.948e+01,2.094e+00, 3.054e+01, 0.000e+00, 1.735e+01,0.000e+00, 39355796
1.920e+00, 4.682e+00, 1.251e+01, 2.873e+01, -5.948e+01,2.094e+00, 3.072e+01, 0.000e+00, 1.742e+01,0.000e+00, 39366068
1.920e+00, 4.682e+00, 1.251e+01, 2.873e+01, -5.948e+01,2.094e+00, 3.093e+01, 0.000e+00, 1.831e+01,0.000e+00, 39376320
1.920e+00, 4.682e+00, 1.251e+01, 2.873e+01, -5.948e+01,2.094e+00, 3.111e+01, 0.000e+00, 1.870e+01,0.000e+00, 39386575
1.920e+00, 4.682e+00, 1.251e+01, 2.873e+01, -5.948e+01,2.094e+00, 3.130e+01, 0.000e+00, 1.850e+01,0.000e+00, 39396829
1.920e+00, 4.682e+00, 1.251e+01, 2.873e+01, -5.948e+01,2.094e+00, 3.148e+01, 0.000e+00, 1.876e+01,0.000e+00, 39407101
1.920e+00, 4.682e+00, 1.251e+01, 2.873e+01, -5.948e+01,2.094e+00, 3.168e+01, 0.000e+00, 1.831e+01,0.000e+00, 39417364
1.920e+00, 4.682e+00, 1.251e+01, 2.873e+01, -5.948e+01,2.094e+00, 3.186e+01, 0.000e+00, 1.818e+01,0.000e+00, 39427615
1.920e+00, 4.682e+00, 1.251e+01, 2.873e+01, -5.948e+01,2.094e+00, 3.201e+01, 0.000e+00, 1.694e+01,0.000e+00, 39437871
1.920e+00, 4.682e+00, 1.251e+01, 2.873e+01, -5.948e+01,2.094e+00, 3.217e+01, 0.000e+00, 1.598e+01,0.000e+00, 39448141
1.920e+00, 4.682e+00, 1.251e+01, 2.873e+01, -5.948e+01,2.094e+00, 3.233e+01, 0.000e+00, 1.486e+01,0.000e+00, 39458397
1.920e+00, 4.682e+00, 1.251e+01, 2.873e+01, -5.948e+01,2.094e+00, 3.248e+01, 0.000e+00, 1.480e+01,0.000e+00, 39468656
1.920e+00, 4.682e+00, 1.251e+01, 2.873e+01, -5.948e+01,2.094e+00, 3.261e+01, 0.000e+00, 1.435e+01,0.000e+00, 39478912
1.920e+00, 4.682e+00, 1.251e+01, 2.873e+01, -5.948e+01,2.094e+00, 3.274e+01, 0.000e+00, 1.355e+01,0.000e+00, 39489185
1.920e+00, 4.682e+00, 1.251e+01, 2.873e+01, -5.948e+01,2.094e+00, 3.287e+01, 0.000e+00, 1.237e+01,0.000e+00, 39499435
1.920e+00, 4.682e+00, 1.251e+01, 2.873e+01, -5.948e+01,2.094e+00, 3.300e+01, 0.000e+00, 1.205e+01,0.000e+00, 39509684
1.920e+00, 4.682e+00, 1.251e+01, 2.873e+01, -5.948e+01,2.094e+00, 3.309e+01, 0.000e+00, 1.103e+01,0.000e+00, 39519936
1.920e+00, 4.682e+00, 1.251e+01, 2.873e+01, -5.948e+01,2.094e+00, 3.319e+01, 0.000e+00, 1.023e+01,0.000e+00, 39530201
1.920e+00, 4.682e+00, 1.251e+01, 2.873e+01, -5.948e+01,2.094e+00, 3.328e+01, 0.000e+00, 9.204e+00,0.000e+00, 39540450
1.920e+00, 4.682e+00, 1.251e+01, 2.873e+01, -5.948e+01,2.094e+00, 3.336e+01, 0.000e+00, 8.245e+00,0.000e+00, 39550704
1.920e+00, 4.682e+00, 1.251e+01, 2.873e+01, -5.948e+01,2.094e+00, 3.343e+01, 0.000e+00, 7.702e+00,0.000e+00, 39560954
1.920e+00, 4.682e+00, 1.251e+01, 2.873e+01, -5.948e+01,2.094e+00, 3.350e+01, 0.000e+00, 6.935e+00,0.000e+00, 39571214
1.920e+00, 4.682e+00, 1.251e+01, 2.873e+01, -5.948e+01,2.094e+00, 3.357e+01, 0.000e+00, 6.615e+00,0.000e+00, 39581463
1.920e+00, 4.682e+00, 1.251e+01, 2.873e+01, -5.948e+01,2.094e+00, 3.362e+01, 0.000e+00, 5.625e+00,0.000e+00, 39591705
1.920e+00, 4.682e+00, 1.251e+01, 2.873e+01, -5.948e+01,2.094e+00, 3.366e+01, 0.000e+00, 5.049e+00,0.000e+00, 39601952
1.920e+00, 4.682e+00, 1.251e+01, 2.873e+01, -5.948e+01,2.094e+00, 3.370e+01, 0.000e+00, 4.346e+00,0.000e+00, 39612216
1.920e+00, 4.682e+00, 1.251e+01, 2.873e+01, -5.948e+01,2.094e+00, 3.374e+01, 0.000e+00, 3.771e+00,0.000e+00, 39622467
1.920e+00, 4.682e+00, 1.251e+01, 2.873e+01, -5.948e+01,2.094e+00, 3.377e+01, 0.000e+00, 3.228e+00,0.000e+00, 39632719
1.920e+00, 4.682e+00, 1.251e+01, 2.873e+01, -5.948e+01,2.094e+00, 3.380e+01, 0.000e+00, 2.876e+00,0.000e+00, 39642965
1.920e+00, 4.682e+00, 1.251e+01, 2.873e+01, -5.948e+01,2.094e+00, 3.382e+01, 0.000e+00, 2.493e+00,0.000e+00, 39653222
1.920e+00, 4.682e+00, 1.251e+01, 2.873e+01, -5.948e+01,2.094e+00, 3.384e+01, 0.000e+00, 1.886e+00,0.000e+00, 39663472
1.920e+00, 4.682e+00, 1.251e+01, 2.873e+01, -5.948e+01,2.094e+00, 3.386e+01, 0.000e+00, 1.790e+00,0.000e+00, 39673716
1.920e+00, 4.682e+00, 1.251e+01, 2.873e+01, -5.948e+01,2.094e+00, 3.387e+01, 0.000e+00, 1.151e+00,0.000e+00, 39683960
1.920e+00, 4.682e+00, 1.251e+01, 2.873e+01, -5.948e+01,2.094e+00, 3.387e+01, 0.000e+00, 8.308e-01,0.000e+00, 39694225
1.920e+00, 4.682e+00, 1.251e+01, 2.873e+01, -5.948e+01,2.094e+00, 3.387e+01, 0.000e+00, 2.236e-01,0.000e+00, 39704475
1.920e+00, 4.682e+00, 1.251e+01, 2.873e+01, -5.948e+01,2.094e+00, 3.387e+01, 0.000e+00, 3.195e-02,0.000e+00, 39714722
1.920e+00, 4.682e+00, 1.251e+01, 2.873e+01, -5.948e+01,2.094e+00, 3.386e+01, 0.000e+00, -6.391e-01,0.000e+00, 39724972
1.920e+00, 4.682e+00, 1.251e+01, 2.873e+01, -5.948e+01,2.094e+00, 3.386e+01, 0.000e+00, -7.350e-01,0.000e+00, 39735229
1.920e+00, 4.682e+00, 1.251e+01, 2.873e+01, -5.948e+01,2.094e+00, 3.384e+01, 0.000e+00, -1.246e+00,0.000e+00, 39745476
1.920e+00, 4.682e+00, 1.251e+01, 2.873e+01, -5.948e+01,2.094e+00, 3.382e+01, 0.000e+00, -1.694e+00,0.000e+00, 39755722
1.920e+00, 4.682e+00, 1.251e+01, 2.873e+01, -5.948e+01,2.094e+00, 3.380e+01, 0.000e+00, -2.077e+00,0.000e+00, 39765968
1.920e+00, 4.682e+00, 1.251e+01, 2.873e+01, -5.948e+01,2.094e+00, 3.377e+01, 0.000e+00, -2.397e+00,0.000e+00, 39776226
1.920e+00, 4.682e+00, 1.251e+01, 2.873e+01, -5.948e+01,2.094e+00, 3.374e+01, 0.000e+00, -2.780e+00,0.000e+00, 39786476
1.920e+00, 4.682e+00, 1.251e+01, 2.873e+01, -5.948e+01,2.094e+00, 3.370e+01, 0.000e+00, -3.356e+00,0.000e+00, 39796724
1.920e+00, 4.682e+00, 1.251e+01, 2.873e+01, -5.948e+01,2.094e+00, 3.365e+01, 0.000e+00, -3.899e+00,0.000e+00, 39806974
1.920e+00, 4.682e+00, 1.251e+01, 2.873e+01, -5.948e+01,2.094e+00, 3.361e+01, 0.000e+00, -4.314e+00,0.000e+00, 39817232
1.920e+00, 4.682e+00, 1.251e+01, 2.873e+01, -5.948e+01,2.094e+00, 3.355e+01, 0.000e+00, -5.113e+00,0.000e+00, 39827481
1.920e+00, 4.682e+00, 1.251e+01, 2.873e+01, -5.948e+01,2.094e+00, 3.349e+01, 0.000e+00, -5.689e+00,0.000e+00, 39837726
1.920e+00, 4.682e+00, 1.251e+01, 2.873e+01, -5.948e+01,2.094e+00, 3.342e+01, 0.000e+00, -6.072e+00,0.000e+00, 39847976
1.920e+00, 4.682e+00, 1.251e+01, 2.873e+01, -5.948e+01,2.094e+00, 3.335e+01, 0.000e+00, -6.711e+00,0.000e+00, 39858235
1.920e+00, 4.682e+00, 1.251e+01, 2.873e+01, -5.948e+01,2.094e+00, 3.326e+01, 0.000e+00, -7.478e+00,0.000e+00, 39868488
1.920e+00, 4.682e+00, 1.251e+01, 2.873e+01, -5.948e+01,2.094e+00, 3.318e+01, 0.000e+00, -7.830e+00,0.000e+00, 39878742
1.920e+00, 4.682e+00, 1.251e+01, 2.873e+01, -5.948e+01,2.094e+00, 3.308e+01, 0.000e+00, -9.108e+00,0.000e+00, 39889004
1.920e+00, 4.682e+00, 1.251e+01, 2.873e+01, -5.948e+01,2.094e+00, 3.297e+01, 0.000e+00, -9.747e+00,0.000e+00, 39899253
1.920e+00, 4.682e+00, 1.251e+01, 2.873e+01, -5.948e+01,2.094e+00, 3.285e+01, 0.000e+00, -1.077e+01,0.000e+00, 39909511
1.920e+00, 4.682e+00, 1.251e+01, 2.873e+01, -5.948e+01,2.094e+00, 3.274e+01, 0.000e+00, -1.122e+01,0.000e+00, 39919764
1.920e+00, 4.682e+00, 1.251e+01, 2.873e+01, -5.948e+01,2.094e+00, 3.262e+01, 0.000e+00, -1.202e+01,0.000e+00, 39930030
1.920e+00, 4.682e+00, 1.251e+01, 2.873e+01, -5.948e+01,2.094e+00, 3.247e+01, 0.000e+00, -1.285e+01,0.000e+00, 39940287
1.920e+00, 4.682e+00, 1.251e+01, 2.873e+01, -5.948e+01,2.094e+00, 3.233e+01, 0.000e+00, -1.371e+01,0.000e+00, 39950545
1.920e+00, 4.682e+00, 1.251e+01, 2.873e+01, -5.948e+01,2.094e+00, 3.218e+01, 0.000e+00, -1.429e+01,0.000e+00, 39960797
1.920e+00, 4.682e+00, 1.251e+01, 2.873e+01, -5.948e+01,2.094e+00, 3.204e+01, 0.000e+00, -1.425e+01,0.000e+00, 39971065
1.920e+00, 4.682e+00, 1.251e+01, 2.873e+01, -5.948e+01,2.094e+00, 3.188e+01, 0.000e+00, -1.425e+01,0.000e+00, 39981322
1.920e+00, 4.682e+00, 1.251e+01, 2.873e+01, -5.948e+01,2.094e+00, 3.173e+01, 0.000e+00, -1.473e+01,0.000e+00, 39991577
1.920e+00, 4.682e+00, 1.251e+01, 2.873e+01, -5.948e+01,2.090e+00, 3.157e+01, -1.603e-01, -1.531e+01,0.000e+00, 40001852
1.920e+00, 4.682e+00, 1.251e+01, 2.873e+01, -5.948e+01,2.090e+00, 3.141e+01, -1.603e-01, -1.576e+01,0.000e+00, 40012143
1.920e+00, 4.682e+00, 1.251e+01, 2.873e+01, -5.948e+01,2.090e+00, 3.124e+01, 0.000e+00, -1.553e+01,0.000e+00, 40022396
1.920e+00, 4.682e+00, 1.251e+01, 2.873e+01, -5.948e+01,2.090e+00, 3.109e+01, 0.000e+00, -1.553e+01,0.000e+00, 40032654
1.920e+00, 4.682e+00, 1.251e+01, 2.873e+01, -5.948e+01,2.090e+00, 3.093e+01, 0.000e+00, -1.544e+01,0.000e+00, 40042908
1.920e+00, 4.682e+00, 1.251e+01, 2.873e+01, -5.948e+01,2.090e+00, 3.078e+01, 0.000e+00, -1.505e+01,0.000e+00, 40053178
1.920e+00, 4.682e+00, 1.251e+01, 2.873e+01, -5.948e+01,2.090e+00, 3.063e+01, 0.000e+00, -1.419e+01,0.000e+00, 40063429
1.920e+00, 4.682e+00, 1.251e+01, 2.873e+01, -5.948e+01,2.090e+00, 3.050e+01, 0.000e+00, -1.329e+01,0.000e+00, 40073689
1.920e+00, 4.682e+00, 1.251e+01, 2.873e+01, -5.948e+01,2.090e+00, 3.037e+01, 0.000e+00, -1.291e+01,0.000e+00, 40083943
1.920e+00, 4.682e+00, 1.251e+01, 2.873e+01, -5.948e+01,2.090e+00, 3.024e+01, 0.000e+00, -1.291e+01,0.000e+00, 40094212
1.920e+00, 4.682e+00, 1.251e+01, 2.873e+01, -5.948e+01,2.090e+00, 3.011e+01, 0.000e+00, -1.250e+01,0.000e+00, 40104460
1.920e+00, 4.682e+00, 1.251e+01, 2.873e+01, -5.948e+01,2.090e+00, 3.000e+01, 0.000e+00, -1.179e+01,0.000e+00, 40114713
1.920e+00, 4.682e+00, 1.251e+01, 2.873e+01, -5.948e+01,2.090e+00, 2.989e+01, 0.000e+00, -1.103e+01,0.000e+00, 40124958
1.920e+00, 4.682e+00, 1.251e+01, 2.873e+01, -5.948e+01,2.090e+00, 2.980e+01, 0.000e+00, -1.007e+01,0.000e+00, 40135224
1.920e+00, 4.682e+00, 1.251e+01, 2.873e+01, -5.948e+01,2.090e+00, 2.970e+01, 0.000e+00, -9.204e+00,0.000e+00, 40145472
1.920e+00, 4.682e+00, 1.251e+01, 2.873e+01, -5.948e+01,2.090e+00, 2.963e+01, 0.000e+00, -7.894e+00,0.000e+00, 40155718
1.920e+00, 4.682e+00, 1.251e+01, 2.873e+01, -5.948e+01,2.090e+00, 2.956e+01, 0.000e+00, -7.414e+00,0.000e+00, 40165964
1.920e+00, 4.682e+00, 1.251e+01, 2.873e+01, -5.948e+01,2.090e+00, 2.950e+01, 0.000e+00, -6.104e+00,0.000e+00, 40176231
1.920e+00, 4.682e+00, 1.251e+01, 2.873e+01, -5.948e+01,2.090e+00, 2.944e+01, 0.000e+00, -5.880e+00,0.000e+00, 40186478
1.920e+00, 4.682e+00, 1.251e+01, 2.873e+01, -5.948e+01,2.090e+00, 2.939e+01, 0.000e+00, -4.954e+00,0.000e+00, 40196726
1.920e+00, 4.682e+00, 1.251e+01, 2.873e+01, -5.948e+01,2.090e+00, 2.936e+01, 0.000e+00, -3.867e+00,0.000e+00, 40206970
1.920e+00, 4.682e+00, 1.251e+01, 2.873e+01, -5.948e+01,2.090e+00, 2.934e+01, 0.000e+00, -3.196e+00,0.000e+00, 40217225
1.920e+00, 4.682e+00, 1.251e+01, 2.873e+01, -5.948e+01,2.090e+00, 2.931e+01, 0.000e+00, -2.205e+00,0.000e+00, 40227472
1.920e+00, 4.682e+00, 1.251e+01, 2.873e+01, -5.948e+01,2.090e+00, 2.931e+01, 0.000e+00, -1.726e+00,0.000e+00, 40237717
1.920e+00, 4.682e+00, 1.251e+01, 2.873e+01, -5.948e+01,2.090e+00, 2.930e+01, 0.000e+00, -8.948e-01,0.000e+00, 40247963
1.920e+00, 4.682e+00, 1.251e+01, 2.873e+01, -5.948e+01,2.090e+00, 2.931e+01, 0.000e+00, -9.584e-02,0.000e+00, 40258222
1.920e+00, 4.682e+00, 1.251e+01, 2.873e+01, -5.948e+01,2.090e+00, 2.932e+01, 0.000e+00, 9.268e-01,0.000e+00, 40268471
1.920e+00, 4.682e+00, 1.251e+01, 2.873e+01, -5.948e+01,2.090e+00, 2.935e+01, 0.000e+00, 1.949e+00,0.000e+00, 40278718
1.920e+00, 4.682e+00, 1.251e+01, 2.873e+01, -5.948e+01,2.090e+00, 2.937e+01, 0.000e+00, 2.589e+00,0.000e+00, 40288965
1.920e+00, 4.682e+00, 1.251e+01, 2.873e+01, -5.948e+01,2.090e+00, 2.941e+01, 0.000e+00, 3.036e+00,0.000e+00, 40299225
1.920e+00, 4.682e+00, 1.251e+01, 2.873e+01, -5.948e+01,2.090e+00, 2.946e+01, 0.000e+00, 3.931e+00,0.000e+00, 40309470
1.920e+00, 4.682e+00, 1.251e+01, 2.873e+01, -5.948e+01,2.090e+00, 2.951e+01, 0.000e+00, 4.730e+00,0.000e+00, 40319716
1.920e+00, 4.682e+00, 1.251e+01, 2.873e+01, -5.948e+01,2.090e+00, 2.957e+01, 0.000e+00, 5.529e+00,0.000e+00, 40329962
1.920e+00, 4.682e+00, 1.251e+01, 2.873e+01, -5.948e+01,2.090e+00, 2.964e+01, 0.000e+00, 6.264e+00,0.000e+00, 40340218
1.920e+00, 4.682e+00, 1.251e+01, 2.873e+01, -5.948e+01,2.090e+00, 2.972e+01, 0.000e+00, 7.159e+00,0.000e+00, 40350469
1.920e+00, 4.682e+00, 1.251e+01, 2.873e+01, -5.948e+01,2.090e+00, 2.980e+01, 0.000e+00, 7.798e+00,0.000e+00, 40360714
1.920e+00, 4.682e+00, 1.251e+01, 2.873e+01, -5.948e+01,2.090e+00, 2.990e+01, 0.000e+00, 8.693e+00,0.000e+00, 40370962
1.920e+00, 4.682e+00, 1.251e+01, 2.873e+01, -5.948e+01,2.090e+00, 3.000e+01, 0.000e+00, 9.172e+00,0.000e+00, 40381228
1.920e+00, 4.682e+00, 1.251e+01, 2.873e+01, -5.948e+01,2.090e+00, 3.012e+01, 0.000e+00, 1.045e+01,0.000e+00, 40391481
1.920e+00, 4.682e+00, 1.251e+01, 2.873e+01, -5.948e+01,2.090e+00, 3.024e+01, 0.000e+00, 1.125e+01,0.000e+00, 40401735
1.920e+00, 4.682e+00, 1.251e+01, 2.873e+01, -5.948e+01,2.090e+00, 3.036e+01, 0.000e+00, 1.208e+01,0.000e+00, 40411998
1.920e+00, 4.682e+00, 1.251e+01, 2.873e+01, -5.948e+01,2.090e+00, 3.050e+01, 0.000e+00, 1.221e+01,0.000e+00, 40422251
1.920e+00, 4.682e+00, 1.251e+01, 2.873e+01, -5.948e+01,2.090e+00, 3.064e+01, 0.000e+00, 1.294e+01,0.000e+00, 40432505
1.920e+00, 4.682e+00, 1.251e+01, 2.873e+01, -5.948e+01,2.090e+00, 3.077e+01, 0.000e+00, 1.339e+01,0.000e+00, 40442756
1.920e+00, 4.682e+00, 1.251e+01, 2.873e+01, -5.948e+01,2.090e+00, 3.091e+01, 0.000e+00, 1.384e+01,0.000e+00, 40453018
1.920e+00, 4.682e+00, 1.251e+01, 2.873e+01, -5.948e+01,2.090e+00, 3.107e+01, 0.000e+00, 1.444e+01,0.000e+00, 40463267
1.920e+00, 4.682e+00, 1.251e+01, 2.873e+01, -5.948e+01,2.090e+00, 3.121e+01, 0.000e+00, 1.419e+01,0.000e+00, 40473525
1.920e+00, 4.682e+00, 1.251e+01, 2.873e+01, -5.948e+01,2.090e+00, 3.135e+01, 0.000e+00, 1.416e+01,0.000e+00, 40483778
1.920e+00, 4.682e+00, 1.251e+01, 2.873e+01, -5.948e+01,2.090e+00, 3.149e+01, 0.000e+00, 1.409e+01,0.000e+00, 40494047
1.920e+00, 4.682e+00, 1.251e+01, 2.873e+01, -5.948e+01,2.090e+00, 3.164e+01, 0.000e+00, 1.368e+01,0.000e+00, 40504300
1.920e+00, 4.682e+00, 1.251e+01, 2.873e+01, -5.948e+01,2.090e+00, 3.177e+01, 0.000e+00, 1.349e+01,0.000e+00, 40514552
1.920e+00, 4.682e+00, 1.251e+01, 2.873e+01, -5.948e+01,2.090e+00, 3.189e+01, 0.000e+00, 1.310e+01,0.000e+00, 40524808
1.920e+00, 4.682e+00, 1.251e+01, 2.873e+01, -5.948e+01,2.090e+00, 3.201e+01, 0.000e+00, 1.208e+01,0.000e+00, 40535070
1.920e+00, 4.682e+00, 1.251e+01, 2.873e+01, -5.948e+01,2.090e+00, 3.212e+01, 0.000e+00, 1.112e+01,0.000e+00, 40545324
1.920e+00, 4.682e+00, 1.251e+01, 2.873e+01, -5.948e+01,2.090e+00, 3.222e+01, 0.000e+00, 1.039e+01,0.000e+00, 40555574
1.920e+00, 4.682e+00, 1.251e+01, 2.873e+01, -5.948e+01,2.094e+00, 3.232e+01, 1.603e-01, 9.971e+00,0.000e+00, 40565835
1.920e+00, 4.682e+00, 1.251e+01, 2.873e+01, -5.948e+01,2.094e+00, 3.241e+01, 1.603e-01, 9.364e+00,0.000e+00, 40576119
1.920e+00, 4.682e+00, 1.251e+01, 2.873e+01, -5.948e+01,2.094e+00, 3.250e+01, 1.603e-01, 8.533e+00,0.000e+00, 40586385
1.920e+00, 4.682e+00, 1.251e+01, 2.873e+01, -5.948e+01,2.094e+00, 3.257e+01, 0.000e+00, 7.989e+00,0.000e+00, 40596634
1.920e+00, 4.682e+00, 1.251e+01, 2.873e+01, -5.948e+01,2.094e+00, 3.264e+01, 0.000e+00, 7.159e+00,0.000e+00, 40606878
1.920e+00, 4.682e+00, 1.251e+01, 2.873e+01, -5.948e+01,2.094e+00, 3.270e+01, 0.000e+00, 6.328e+00,0.000e+00, 40617137
1.920e+00, 4.682e+00, 1.251e+01, 2.873e+01, -5.948e+01,2.094e+00, 3.275e+01, 0.000e+00, 5.305e+00,0.000e+00, 40627388
1.920e+00, 4.682e+00, 1.251e+01, 2.873e+01, -5.948e+01,2.094e+00, 3.279e+01, 0.000e+00, 4.602e+00,0.000e+00, 40637634
1.920e+00, 4.682e+00, 1.251e+01, 2.873e+01, -5.948e+01,2.094e+00, 3.282e+01, 0.000e+00, 3.579e+00,0.000e+00, 40647882
1.920e+00, 4.682e+00, 1.251e+01, 2.873e+01, -5.948e+01,2.094e+00, 3.284e+01, 0.000e+00, 2.717e+00,0.000e+00, 40658146
1.920e+00, 4.682e+00, 1.251e+01, 2.873e+01, -5.948e+01,2.094e+00, 3.285e+01, 0.000e+00, 1.726e+00,0.000e+00, 40668392
1.920e+00, 4.682e+00, 1.251e+01, 2.873e+01, -5.948e+01,2.094e+00, 3.286e+01, 0.000e+00, 1.023e+00,0.000e+00, 40678638
1.920e+00, 4.682e+00, 1.251e+01, 2.873e+01, -5.948e+01,2.094e+00, 3.286e+01, 0.000e+00, 2.875e-01,0.000e+00, 40688885
1.920e+00, 4.682e+00, 1.251e+01, 2.873e+01, -5.948e+01,2.094e+00, 3.284e+01, 0.000e+00, -5.433e-01,0.000e+00, 40699150
1.920e+00, 4.682e+00, 1.251e+01, 2.873e+01, -5.948e+01,2.094e+00, 3.282e+01, 0.000e+00, -1.470e+00,0.000e+00, 40709399
1.920e+00, 4.682e+00, 1.251e+01, 2.873e+01, -5.948e+01,2.094e+00, 3.279e+01, 0.000e+00, -2.365e+00,0.000e+00, 40719646
1.920e+00, 4.682e+00, 1.251e+01, 2.873e+01, -5.948e+01,2.094e+00, 3.276e+01, 0.000e+00, -3.132e+00,0.000e+00, 40729893
1.920e+00, 4.682e+00, 1.251e+01, 2.873e+01, -5.948e+01,2.094e+00, 3.271e+01, 0.000e+00, -3.803e+00,0.000e+00, 40740157
1.920e+00, 4.682e+00, 1.251e+01, 2.873e+01, -5.948e+01,2.094e+00, 3.266e+01, 0.000e+00, -4.698e+00,0.000e+00, 40750406
1.920e+00, 4.682e+00, 1.251e+01, 2.873e+01, -5.948e+01,2.094e+00, 3.259e+01, 0.000e+00, -5.625e+00,0.000e+00, 40760659
1.920e+00, 4.682e+00, 1.251e+01, 2.873e+01, -5.948e+01,2.094e+00, 3.252e+01, 0.000e+00, -6.551e+00,0.000e+00, 40770908
1.920e+00, 4.682e+00, 1.251e+01, 2.873e+01, -5.948e+01,2.094e+00, 3.244e+01, 0.000e+00, -7.382e+00,0.000e+00, 40781176
1.920e+00, 4.682e+00, 1.251e+01, 2.873e+01, -5.948e+01,2.094e+00, 3.235e+01, 0.000e+00, -8.053e+00,0.000e+00, 40791431
1.920e+00, 4.682e+00, 1.251e+01, 2.873e+01, -5.948e+01,2.094e+00, 3.225e+01, 0.000e+00, -9.012e+00,0.000e+00, 40801679
1.920e+00, 4.682e+00, 1.251e+01, 2.873e+01, -5.948e+01,2.094e+00, 3.215e+01, 0.000e+00, -9.651e+00,0.000e+00, 40811929
1.920e+00, 4.682e+00, 1.251e+01, 2.873e+01, -5.948e+01,2.094e+00, 3.204e+01, 0.000e+00, -1.048e+01,0.000e+00, 40822196
1.920e+00, 4.682e+00, 1.251e+01, 2.873e+01, -5.948e+01,2.094e+00, 3.192e+01, 0.000e+00, -1.096e+01,0.000e+00, 40832446
1.920e+00, 4.682e+00, 1.251e+01, 2.873e+01, -5.948e+01,2.094e+00, 3.182e+01, 0.000e+00, -1.071e+01,0.000e+00, 40842695
1.920e+00, 4.682e+00, 1.251e+01, 2.873e+01, -5.948e+01,2.094e+00, 3.171e+01, 0.000e+00, -1.087e+01,0.000e+00, 40852952
1.920e+00, 4.682e+00, 1.251e+01, 2.873e+01, -5.948e+01,2.094e+00, 3.158e+01, 0.000e+00, -1.138e+01,0.000e+00, 40863217
1.920e+00, 4.682e+00, 1.251e+01, 2.873e+01, -5.948e+01,2.094e+00, 3.146e+01, 0.000e+00, -1.157e+01,0.000e+00, 40873474
1.920e+00, 4.682e+00, 1.251e+01, 2.873e+01, -5.948e+01,2.094e+00, 3.134e+01, 0.000e+00, -1.160e+01,0.000e+00, 40883727
1.920e+00, 4.682e+00, 1.251e+01, 2.873e+01, -5.948e+01,2.094e+00, 3.123e+01, 0.000e+00, -1.166e+01,0.000e+00, 40893984
1.920e+00, 4.682e+00, 1.251e+01, 2.873e+01, -5.948e+01,2.094e+00, 3.110e+01, 0.000e+00, -1.157e+01,0.000e+00, 40904252
1.920e+00, 4.682e+00, 1.251e+01, 2.873e+01, -5.948e+01,2.094e+00, 3.098e+01, 0.000e+00, -1.170e+01,0.000e+00, 40914505
1.920e+00, 4.682e+00, 1.251e+01, 2.873e+01, -5.948e+01,2.094e+00, 3.087e+01, 0.000e+00, -1.119e+01,0.000e+00, 40924753
1.920e+00, 4.682e+00, 1.251e+01, 2.873e+01, -5.948e+01,2.094e+00, 3.077e+01, 0.000e+00, -1.093e+01,0.000e+00, 40935014
1.920e+00, 4.682e+00, 1.251e+01, 2.873e+01, -5.948e+01,2.094e+00, 3.066e+01, 0.000e+00, -1.035e+01,0.000e+00, 40945266
1.920e+00, 4.682e+00, 1.251e+01, 2.873e+01, -5.948e+01,2.094e+00, 3.056e+01, 0.000e+00, -9.907e+00,0.000e+00, 40955514
1.920e+00, 4.682e+00, 1.251e+01, 2.873e+01, -5.948e+01,2.094e+00, 3.047e+01, 0.000e+00, -9.332e+00,0.000e+00, 40965767
1.920e+00, 4.682e+00, 1.251e+01, 2.873e+01, -5.948e+01,2.094e+00, 3.038e+01, 0.000e+00, -9.140e+00,0.000e+00, 40976036
1.920e+00, 4.682e+00, 1.251e+01, 2.873e+01, -5.948e+01,2.094e+00, 3.030e+01, 0.000e+00, -8.469e+00,0.000e+00, 40986282
1.920e+00, 4.682e+00, 1.251e+01, 2.873e+01, -5.948e+01,2.094e+00, 3.021e+01, 0.000e+00, -7.958e+00,0.000e+00, 40996532
1.920e+00, 4.682e+00, 1.251e+01, 2.873e+01, -5.948e+01,2.094e+00, 3.015e+01, 0.000e+00, -7.222e+00,0.000e+00, 41006781
1.920e+00, 4.682e+00, 1.251e+01, 2.873e+01, -5.948e+01,2.094e+00, 3.008e+01, 0.000e+00, -6.647e+00,0.000e+00, 41017045
1.920e+00, 4.682e+00, 1.251e+01, 2.873e+01, -5.948e+01,2.094e+00, 3.002e+01, 0.000e+00, -5.880e+00,0.000e+00, 41027290
1.920e+00, 4.682e+00, 1.251e+01, 2.873e+01, -5.948e+01,2.094e+00, 2.998e+01, 0.000e+00, -5.081e+00,0.000e+00, 41037537
1.920e+00, 4.682e+00, 1.251e+01, 2.873e+01, -5.948e+01,2.094e+00, 2.994e+01, 0.000e+00, -4.218e+00,0.000e+00, 41047789
1.920e+00, 4.682e+00, 1.251e+01, 2.873e+01, -5.948e+01,2.094e+00, 2.991e+01, 0.000e+00, -3.388e+00,0.000e+00, 41058057
1.920e+00, 4.682e+00, 1.251e+01, 2.873e+01, -5.948e+01,2.094e+00, 2.989e+01, 0.000e+00, -2.493e+00,0.000e+00, 41068308
1.920e+00, 4.682e+00, 1.251e+01, 2.873e+01, -5.948e+01,2.094e+00, 2.988e+01, 0.000e+00, -1.278e+00,0.000e+00, 41078557
1.920e+00, 4.682e+00, 1.251e+01, 2.873e+01, -5.948e+01,2.094e+00, 2.988e+01, 0.000e+00, -7.989e-01,0.000e+00, 41088805
1.920e+00, 4.682e+00, 1.251e+01, 2.873e+01, -5.948e+01,2.094e+00, 2.989e+01, 0.000e+00, 0.000e+00,0.000e+00, 41099049
1.920e+00, 4.682e+00, 1.251e+01, 2.873e+01, -5.948e+01,2.094e+00, 2.990e+01, 0.000e+00, 8.309e-01,0.000e+00, 41109298
1.920e+00, 4.682e+00, 1.251e+01, 2.873e+01, -5.948e+01,2.094e+00, 2.993e+01, 0.000e+00, 1.790e+00,0.000e+00, 41119546
1.920e+00, 4.682e+00, 1.251e+01, 2.873e+01, -5.948e+01,2.094e+00, 2.995e+01, 0.000e+00, 2.557e+00,0.000e+00, 41129795
1.920e+00, 4.682e+00, 1.251e+01, 2.873e+01, -5.948e+01,2.094e+00, 2.999e+01, 0.000e+00, 3.196e+00,0.000e+00, 41140055
1.920e+00, 4.682e+00, 1.251e+01, 2.873e+01, -5.948e+01,2.094e+00, 3.004e+01, 0.000e+00, 4.059e+00,0.000e+00, 41150301
1.920e+00, 4.682e+00, 1.251e+01, 2.873e+01, -5.948e+01,2.094e+00, 3.010e+01, 0.000e+00, 5.209e+00,0.000e+00, 41160547
1.920e+00, 4.682e+00, 1.251e+01, 2.873e+01, -5.948e+01,2.094e+00, 3.016e+01, 0.000e+00, 5.752e+00,0.000e+00, 41170795
1.920e+00, 4.682e+00, 1.251e+01, 2.873e+01, -5.948e+01,2.094e+00, 3.023e+01, 0.000e+00, 6.424e+00,0.000e+00, 41181058
1.920e+00, 4.682e+00, 1.251e+01, 2.873e+01, -5.948e+01,2.094e+00, 3.032e+01, 0.000e+00, 7.318e+00,0.000e+00, 41191303
1.920e+00, 4.682e+00, 1.251e+01, 2.873e+01, -5.948e+01,2.094e+00, 3.040e+01, 0.000e+00, 7.958e+00,0.000e+00, 41201551
1.920e+00, 4.682e+00, 1.251e+01, 2.873e+01, -5.948e+01,2.094e+00, 3.048e+01, 0.000e+00, 8.437e+00,0.000e+00, 41211797
1.920e+00, 4.682e+00, 1.251e+01, 2.873e+01, -5.948e+01,2.094e+00, 3.056e+01, 0.000e+00, 8.309e+00,0.000e+00, 41222057
1.920e+00, 4.682e+00, 1.251e+01, 2.873e+01, -5.948e+01,2.094e+00, 3.067e+01, 0.000e+00, 9.204e+00,0.000e+00, 41232306
1.920e+00, 4.682e+00, 1.251e+01, 2.873e+01, -5.948e+01,2.094e+00, 3.077e+01, 0.000e+00, 9.779e+00,0.000e+00, 41242552
1.920e+00, 4.682e+00, 1.251e+01, 2.873e+01, -5.948e+01,2.094e+00, 3.088e+01, 0.000e+00, 1.048e+01,0.000e+00, 41252802
1.920e+00, 4.682e+00, 1.251e+01, 2.873e+01, -5.948e+01,2.094e+00, 3.099e+01, 0.000e+00, 1.096e+01,0.000e+00, 41263066
1.920e+00, 4.682e+00, 1.251e+01, 2.873e+01, -5.948e+01,2.094e+00, 3.111e+01, 0.000e+00, 1.115e+01,0.000e+00, 41273318
1.920e+00, 4.682e+00, 1.251e+01, 2.873e+01, -5.948e+01,2.094e+00, 3.121e+01, 0.000e+00, 1.103e+01,0.000e+00, 41283569
1.920e+00, 4.682e+00, 1.251e+01, 2.873e+01, -5.948e+01,2.094e+00, 3.132e+01, 0.000e+00, 1.074e+01,0.000e+00, 41293820
1.920e+00, 4.682e+00, 1.251e+01, 2.873e+01, -5.948e+01,2.094e+00, 3.143e+01, 0.000e+00, 1.090e+01,0.000e+00, 41304082
1.920e+00, 4.682e+00, 1.251e+01, 2.873e+01, -5.948e+01,2.094e+00, 3.153e+01, 0.000e+00, 1.055e+01,0.000e+00, 41314333
1.920e+00, 4.682e+00, 1.251e+01, 2.873e+01, -5.948e+01,2.094e+00, 3.164e+01, 0.000e+00, 1.023e+01,0.000e+00, 41324582
1.920e+00, 4.682e+00, 1.251e+01, 2.873e+01, -5.948e+01,2.094e+00, 3.173e+01, 0.000e+00, 9.907e+00,0.000e+00, 41334841
1.920e+00, 4.682e+00, 1.251e+01, 2.873e+01, -5.948e+01,2.094e+00, 3.183e+01, 0.000e+00, 9.619e+00,0.000e+00, 41345102
1.920e+00, 4.682e+00, 1.251e+01, 2.873e+01, -5.948e+01,2.094e+00, 3.192e+01, 0.000e+00, 8.948e+00,0.000e+00, 41355353
1.920e+00, 4.682e+00, 1.251e+01, 2.873e+01, -5.948e+01,2.094e+00, 3.199e+01, 0.000e+00, 8.021e+00,0.000e+00, 41365604
1.920e+00, 4.682e+00, 1.251e+01, 2.873e+01, -5.948e+01,2.094e+00, 3.206e+01, 0.000e+00, 7.510e+00,0.000e+00, 41375850
1.920e+00, 4.682e+00, 1.251e+01, 2.873e+01, -5.948e+01,2.094e+00, 3.212e+01, 0.000e+00, 6.679e+00,0.000e+00, 41386115
1.920e+00, 4.682e+00, 1.251e+01, 2.873e+01, -5.948e+01,2.094e+00, 3.219e+01, 0.000e+00, 5.880e+00,0.000e+00, 41396363
1.920e+00, 4.682e+00, 1.251e+01, 2.873e+01, -5.948e+01,2.094e+00, 3.224e+01, 0.000e+00, 5.369e+00,0.000e+00, 41406611
1.920e+00, 4.682e+00, 1.251e+01, 2.873e+01, -5.948e+01,2.094e+00, 3.228e+01, 0.000e+00, 4.826e+00,0.000e+00, 41416859
1.920e+00, 4.682e+00, 1.251e+01, 2.873e+01, -5.948e+01,2.094e+00, 3.232e+01, 0.000e+00, 4.506e+00,0.000e+00, 41427120
1.920e+00, 4.682e+00, 1.251e+01, 2.873e+01, -5.948e+01,2.094e+00, 3.236e+01, 0.000e+00, 3.771e+00,0.000e+00, 41437365
1.920e+00, 4.682e+00, 1.251e+01, 2.873e+01, -5.948e+01,2.094e+00, 3.238e+01, 0.000e+00, 2.972e+00,0.000e+00, 41447617
1.920e+00, 4.682e+00, 1.251e+01, 2.873e+01, -5.948e+01,2.094e+00, 3.239e+01, 0.000e+00, 2.013e+00,0.000e+00, 41457862
1.920e+00, 4.682e+00, 1.251e+01, 2.873e+01, -5.948e+01,2.094e+00, 3.240e+01, 0.000e+00, 1.278e+00,0.000e+00, 41468126
1.920e+00, 4.682e+00, 1.251e+01, 2.873e+01, -5.948e+01,2.094e+00, 3.240e+01, 0.000e+00, 1.917e-01,0.000e+00, 41478374
1.920e+00, 4.682e+00, 1.251e+01, 2.873e+01, -5.948e+01,2.094e+00, 3.239e+01, 0.000e+00, -2.556e-01,0.000e+00, 41488621
1.920e+00, 4.682e+00, 1.251e+01, 2.873e+01, -5.948e+01,2.094e+00, 3.237e+01, 0.000e+00, -1.246e+00,0.000e+00, 41498873
1.920e+00, 4.682e+00, 1.251e+01, 2.873e+01, -5.948e+01,2.094e+00, 3.235e+01, 0.000e+00, -1.853e+00,0.000e+00, 41509138
1.920e+00, 4.682e+00, 1.251e+01, 2.873e+01, -5.948e+01,2.094e+00, 3.232e+01, 0.000e+00, -2.525e+00,0.000e+00, 41519384
1.920e+00, 4.682e+00, 1.251e+01, 2.873e+01, -5.948e+01,2.094e+00, 3.228e+01, 0.000e+00, -3.483e+00,0.000e+00, 41529629
1.920e+00, 4.682e+00, 1.251e+01, 2.873e+01, -5.948e+01,2.094e+00, 3.224e+01, 0.000e+00, -4.091e+00,0.000e+00, 41539876
1.920e+00, 4.682e+00, 1.251e+01, 2.873e+01, -5.948e+01,2.094e+00, 3.218e+01, 0.000e+00, -4.762e+00,0.000e+00, 41550146
1.920e+00, 4.682e+00, 1.251e+01, 2.873e+01, -5.948e+01,2.094e+00, 3.212e+01, 0.000e+00, -5.369e+00,0.000e+00, 41560396
1.920e+00, 4.682e+00, 1.251e+01, 2.873e+01, -5.948e+01,2.094e+00, 3.206e+01, 0.000e+00, -5.880e+00,0.000e+00, 41570645
1.920e+00, 4.682e+00, 1.251e+01, 2.873e+01, -5.948e+01,2.094e+00, 3.200e+01, 0.000e+00, -6.232e+00,0.000e+00, 41580897
1.920e+00, 4.682e+00, 1.251e+01, 2.873e+01, -5.948e+01,2.094e+00, 3.192e+01, 0.000e+00, -6.615e+00,0.000e+00, 41591164
1.920e+00, 4.682e+00, 1.251e+01, 2.873e+01, -5.948e+01,2.094e+00, 3.183e+01, 0.000e+00, -7.670e+00,0.000e+00, 41601415
1.920e+00, 4.682e+00, 1.251e+01, 2.873e+01, -5.948e+01,2.094e+00, 3.175e+01, 0.000e+00, -7.862e+00,0.000e+00, 41611664
1.920e+00, 4.682e+00, 1.251e+01, 2.873e+01, -5.948e+01,2.094e+00, 3.166e+01, 0.000e+00, -8.565e+00,0.000e+00, 41621921
1.920e+00, 4.682e+00, 1.251e+01, 2.873e+01, -5.948e+01,2.094e+00, 3.157e+01, 0.000e+00, -8.980e+00,0.000e+00, 41632186
1.920e+00, 4.682e+00, 1.251e+01, 2.873e+01, -5.948e+01,2.094e+00, 3.147e+01, 0.000e+00, -9.012e+00,0.000e+00, 41642440
1.920e+00, 4.682e+00, 1.251e+01, 2.873e+01, -5.948e+01,2.094e+00, 3.138e+01, 0.000e+00, -9.108e+00,0.000e+00, 41652687
1.920e+00, 4.682e+00, 1.251e+01, 2.873e+01, -5.948e+01,2.094e+00, 3.129e+01, 0.000e+00, -9.012e+00,0.000e+00, 41662942
1.920e+00, 4.682e+00, 1.251e+01, 2.873e+01, -5.948e+01,2.094e+00, 3.120e+01, 0.000e+00, -9.108e+00,0.000e+00, 41673205
1.920e+00, 4.682e+00, 1.251e+01, 2.873e+01, -5.948e+01,2.094e+00, 3.110e+01, 0.000e+00, -8.597e+00,0.000e+00, 41683463
1.920e+00, 4.682e+00, 1.251e+01, 2.873e+01, -5.948e+01,2.094e+00, 3.101e+01, 0.000e+00, -8.661e+00,0.000e+00, 41693713
1.920e+00, 4.682e+00, 1.251e+01, 2.873e+01, -5.948e+01,2.094e+00, 3.093e+01, 0.000e+00, -8.341e+00,0.000e+00, 41703957
1.920e+00, 4.682e+00, 1.251e+01, 2.873e+01, -5.948e+01,2.094e+00, 3.085e+01, 0.000e+00, -8.565e+00,0.000e+00, 41714220
1.920e+00, 4.682e+00, 1.251e+01, 2.873e+01, -5.948e+01,2.094e+00, 3.076e+01, 0.000e+00, -7.734e+00,0.000e+00, 41724467
1.920e+00, 4.682e+00, 1.251e+01, 2.873e+01, -5.948e+01,2.094e+00, 3.070e+01, 0.000e+00, -7.127e+00,0.000e+00, 41734717
1.920e+00, 4.682e+00, 1.251e+01, 2.873e+01, -5.948e+01,2.094e+00, 3.063e+01, 0.000e+00, -6.679e+00,0.000e+00, 41744968
1.920e+00, 4.682e+00, 1.251e+01, 2.873e+01, -5.948e+01,2.094e+00, 3.058e+01, 0.000e+00, -6.008e+00,0.000e+00, 41755229
1.920e+00, 4.682e+00, 1.251e+01, 2.873e+01, -5.948e+01,2.094e+00, 3.051e+01, 0.000e+00, -5.816e+00,0.000e+00, 41765479
1.920e+00, 4.682e+00, 1.251e+01, 2.873e+01, -5.948e+01,2.094e+00, 3.046e+01, 0.000e+00, -5.497e+00,0.000e+00, 41775734
1.920e+00, 4.682e+00, 1.251e+01, 2.873e+01, -5.948e+01,2.094e+00, 3.041e+01, 0.000e+00, -5.209e+00,0.000e+00, 41785978
1.920e+00, 4.682e+00, 1.251e+01, 2.873e+01, -5.948e+01,2.094e+00, 3.038e+01, 0.000e+00, -4.314e+00,0.000e+00, 41796236
1.920e+00, 4.682e+00, 1.251e+01, 2.873e+01, -5.948e+01,2.094e+00, 3.034e+01, 0.000e+00, -3.515e+00,0.000e+00, 41806485
1.920e+00, 4.682e+00, 1.251e+01, 2.873e+01, -5.948e+01,2.094e+00, 3.032e+01, 0.000e+00, -2.876e+00,0.000e+00, 41816734
1.920e+00, 4.682e+00, 1.251e+01, 2.873e+01, -5.948e+01,2.094e+00, 3.029e+01, 0.000e+00, -2.493e+00,0.000e+00, 41826978
1.920e+00, 4.682e+00, 1.251e+01, 2.873e+01, -5.948e+01,2.094e+00, 3.029e+01, 0.000e+00, -1.630e+00,0.000e+00, 41837231
1.920e+00, 4.682e+00, 1.251e+01, 2.873e+01, -5.948e+01,2.094e+00, 3.028e+01, 0.000e+00, -8.309e-01,0.000e+00, 41847479
1.920e+00, 4.682e+00, 1.251e+01, 2.873e+01, -5.948e+01,2.094e+00, 3.028e+01, 0.000e+00, -3.195e-02,0.000e+00, 41857727
1.920e+00, 4.682e+00, 1.251e+01, 2.873e+01, -5.948e+01,2.094e+00, 3.029e+01, 0.000e+00, 2.876e-01,0.000e+00, 41867974
1.920e+00, 4.682e+00, 1.251e+01, 2.873e+01, -5.948e+01,2.094e+00, 3.031e+01, 0.000e+00, 1.150e+00,0.000e+00, 41878232
1.920e+00, 4.682e+00, 1.251e+01, 2.873e+01, -5.948e+01,2.094e+00, 3.034e+01, 0.000e+00, 1.885e+00,0.000e+00, 41888482
1.920e+00, 4.682e+00, 1.251e+01, 2.873e+01, -5.948e+01,2.094e+00, 3.037e+01, 0.000e+00, 2.748e+00,0.000e+00, 41898731
1.920e+00, 4.682e+00, 1.251e+01, 2.873e+01, -5.948e+01,2.094e+00, 3.040e+01, 0.000e+00, 3.004e+00,0.000e+00, 41908974
1.920e+00, 4.682e+00, 1.251e+01, 2.873e+01, -5.948e+01,2.094e+00, 3.043e+01, 0.000e+00, 3.451e+00,0.000e+00, 41919237
1.920e+00, 4.682e+00, 1.251e+01, 2.873e+01, -5.948e+01,2.094e+00, 3.049e+01, 0.000e+00, 4.218e+00,0.000e+00, 41929491
1.920e+00, 4.682e+00, 1.251e+01, 2.873e+01, -5.948e+01,2.094e+00, 3.054e+01, 0.000e+00, 4.634e+00,0.000e+00, 41939736
1.920e+00, 4.682e+00, 1.251e+01, 2.873e+01, -5.948e+01,2.094e+00, 3.060e+01, 0.000e+00, 5.433e+00,0.000e+00, 41949982
1.920e+00, 4.682e+00, 1.251e+01, 2.873e+01, -5.948e+01,2.094e+00, 3.066e+01, 0.000e+00, 5.720e+00,0.000e+00, 41960246
1.920e+00, 4.682e+00, 1.251e+01, 2.873e+01, -5.948e+01,2.094e+00, 3.073e+01, 0.000e+00, 6.360e+00,0.000e+00, 41970495
1.920e+00, 4.682e+00, 1.251e+01, 2.873e+01, -5.948e+01,2.094e+00, 3.080e+01, 0.000e+00, 6.871e+00,0.000e+00, 41980742
1.920e+00, 4.682e+00, 1.251e+01, 2.873e+01, -5.948e+01,2.094e+00, 3.087e+01, 0.000e+00, 7.127e+00,0.000e+00, 41991003
1.920e+00, 4.682e+00, 1.251e+01, 2.873e+01, -5.948e+01,2.094e+00, 3.096e+01, 0.000e+00, 7.478e+00,0.000e+00, 42001251
1.920e+00, 4.682e+00, 1.251e+01, 2.873e+01, -5.948e+01,2.094e+00, 3.104e+01, 0.000e+00, 7.670e+00,0.000e+00, 42011496
1.920e+00, 4.682e+00, 1.251e+01, 2.873e+01, -5.948e+01,2.094e+00, 3.112e+01, 0.000e+00, 7.478e+00,0.000e+00, 42021755
1.920e+00, 4.682e+00, 1.251e+01, 2.873e+01, -5.948e+01,2.094e+00, 3.120e+01, 0.000e+00, 7.989e+00,0.000e+00, 42032015
1.920e+00, 4.682e+00, 1.251e+01, 2.873e+01, -5.948e+01,2.094e+00, 3.128e+01, 0.000e+00, 7.670e+00,0.000e+00, 42042264
1.920e+00, 4.682e+00, 1.251e+01, 2.873e+01, -5.948e+01,2.094e+00, 3.135e+01, 0.000e+00, 7.702e+00,0.000e+00, 42052511
1.920e+00, 4.682e+00, 1.251e+01, 2.873e+01, -5.948e+01,2.094e+00, 3.143e+01, 0.000e+00, 7.350e+00,0.000e+00, 42062761
1.920e+00, 4.682e+00, 1.251e+01, 2.873e+01, -5.948e+01,2.094e+00, 3.150e+01, 0.000e+00, 7.542e+00,0.000e+00, 42073023
1.920e+00, 4.682e+00, 1.251e+01, 2.873e+01, -5.948e+01,2.094e+00, 3.158e+01, 0.000e+00, 7.254e+00,0.000e+00, 42083275
1.920e+00, 4.682e+00, 1.251e+01, 2.873e+01, -5.948e+01,2.094e+00, 3.165e+01, 0.000e+00, 7.191e+00,0.000e+00, 42093524
1.920e+00, 4.682e+00, 1.251e+01, 2.873e+01, -5.948e+01,2.094e+00, 3.172e+01, 0.000e+00, 6.743e+00,0.000e+00, 42103770
1.920e+00, 4.682e+00, 1.251e+01, 2.873e+01, -5.948e+01,2.094e+00, 3.177e+01, 0.000e+00, 6.232e+00,0.000e+00, 42114033
1.920e+00, 4.682e+00, 1.251e+01, 2.873e+01, -5.948e+01,2.094e+00, 3.183e+01, 0.000e+00, 5.625e+00,0.000e+00, 42124282
1.920e+00, 4.682e+00, 1.251e+01, 2.873e+01, -5.948e+01,2.094e+00, 3.188e+01, 0.000e+00, 5.337e+00,0.000e+00, 42134532
1.920e+00, 4.682e+00, 1.251e+01, 2.873e+01, -5.948e+01,2.094e+00, 3.192e+01, 0.000e+00, 4.666e+00,0.000e+00, 42144774
1.920e+00, 4.682e+00, 1.251e+01, 2.873e+01, -5.948e+01,2.094e+00, 3.196e+01, 0.000e+00, 4.123e+00,0.000e+00, 42155033
1.920e+00, 4.682e+00, 1.251e+01, 2.873e+01, -5.948e+01,2.094e+00, 3.199e+01, 0.000e+00, 3.547e+00,0.000e+00, 42165280
1.920e+00, 4.682e+00, 1.251e+01, 2.873e+01, -5.948e+01,2.094e+00, 3.201e+01, 0.000e+00, 2.653e+00,0.000e+00, 42175526
1.920e+00, 4.682e+00, 1.251e+01, 2.873e+01, -5.948e+01,2.094e+00, 3.203e+01, 0.000e+00, 1.981e+00,0.000e+00, 42185772
1.920e+00, 4.682e+00, 1.251e+01, 2.873e+01, -5.948e+01,2.094e+00, 3.204e+01, 0.000e+00, 1.470e+00,0.000e+00, 42196035
1.920e+00, 4.682e+00, 1.251e+01, 2.873e+01, -5.948e+01,2.094e+00, 3.204e+01, 0.000e+00, 6.711e-01,0.000e+00, 42206280
1.920e+00, 4.682e+00, 1.251e+01, 2.873e+01, -5.948e+01,2.094e+00, 3.204e+01, 0.000e+00, 3.195e-01,0.000e+00, 42216527
1.920e+00, 4.682e+00, 1.251e+01, 2.873e+01, -5.948e+01,2.094e+00, 3.204e+01, 0.000e+00, -9.584e-02,0.000e+00, 42226779
1.920e+00, 4.682e+00, 1.251e+01, 2.873e+01, -5.948e+01,2.094e+00, 3.203e+01, 0.000e+00, -6.391e-01,0.000e+00, 42237043
1.920e+00, 4.682e+00, 1.251e+01, 2.873e+01, -5.948e+01,2.094e+00, 3.201e+01, 0.000e+00, -1.182e+00,0.000e+00, 42247291
1.920e+00, 4.682e+00, 1.251e+01, 2.873e+01, -5.948e+01,2.094e+00, 3.199e+01, 0.000e+00, -1.566e+00,0.000e+00, 42257543
1.920e+00, 4.682e+00, 1.251e+01, 2.873e+01, -5.948e+01,2.094e+00, 3.197e+01, 0.000e+00, -2.141e+00,0.000e+00, 42267792
1.920e+00, 4.682e+00, 1.251e+01, 2.873e+01, -5.948e+01,2.094e+00, 3.194e+01, 0.000e+00, -2.365e+00,0.000e+00, 42278052
1.920e+00, 4.682e+00, 1.251e+01, 2.873e+01, -5.948e+01,2.094e+00, 3.190e+01, 0.000e+00, -3.100e+00,0.000e+00, 42288299
1.920e+00, 4.682e+00, 1.251e+01, 2.873e+01, -5.948e+01,2.094e+00, 3.186e+01, 0.000e+00, -3.707e+00,0.000e+00, 42298548
1.920e+00, 4.682e+00, 1.251e+01, 2.873e+01, -5.948e+01,2.094e+00, 3.181e+01, 0.000e+00, -4.218e+00,0.000e+00, 42308798
1.920e+00, 4.682e+00, 1.251e+01, 2.873e+01, -5.948e+01,2.094e+00, 3.176e+01, 0.000e+00, -4.538e+00,0.000e+00, 42319061
1.920e+00, 4.682e+00, 1.251e+01, 2.873e+01, -5.948e+01,2.094e+00, 3.170e+01, 0.000e+00, -5.113e+00,0.000e+00, 42329310
1.920e+00, 4.682e+00, 1.251e+01, 2.873e+01, -5.948e+01,2.094e+00, 3.165e+01, 0.000e+00, -5.401e+00,0.000e+00, 42339568
1.920e+00, 4.682e+00, 1.251e+01, 2.873e+01, -5.948e+01,2.094e+00, 3.159e+01, 0.000e+00, -5.752e+00,0.000e+00, 42349820
1.920e+00, 4.682e+00, 1.251e+01, 2.873e+01, -5.948e+01,2.094e+00, 3.152e+01, 0.000e+00, -6.072e+00,0.000e+00, 42360083
1.920e+00, 4.682e+00, 1.251e+01, 2.873e+01, -5.948e+01,2.094e+00, 3.146e+01, 0.000e+00, -6.136e+00,0.000e+00, 42370330
1.920e+00, 4.682e+00, 1.251e+01, 2.873e+01, -5.948e+01,2.094e+00, 3.139e+01, 0.000e+00, -6.456e+00,0.000e+00, 42380578
1.920e+00, 4.682e+00, 1.251e+01, 2.873e+01, -5.948e+01,2.094e+00, 3.132e+01, 0.000e+00, -6.743e+00,0.000e+00, 42390827
1.920e+00, 4.682e+00, 1.251e+01, 2.873e+01, -5.948e+01,2.094e+00, 3.126e+01, 0.000e+00, -6.360e+00,0.000e+00, 42401092
1.920e+00, 4.682e+00, 1.251e+01, 2.873e+01, -5.948e+01,2.094e+00, 3.120e+01, 0.000e+00, -6.072e+00,0.000e+00, 42411337
1.920e+00, 4.682e+00, 1.251e+01, 2.873e+01, -5.948e+01,2.094e+00, 3.114e+01, 0.000e+00, -5.976e+00,0.000e+00, 42421588
1.920e+00, 4.682e+00, 1.251e+01, 2.873e+01, -5.948e+01,2.094e+00, 3.108e+01, 0.000e+00, -6.072e+00,0.000e+00, 42431840
1.920e+00, 4.682e+00, 1.251e+01, 2.873e+01, -5.948e+01,2.094e+00, 3.102e+01, 0.000e+00, -5.880e+00,0.000e+00, 42442109
1.920e+00, 4.682e+00, 1.251e+01, 2.873e+01, -5.948e+01,2.094e+00, 3.095e+01, 0.000e+00, -5.625e+00,0.000e+00, 42452358
1.920e+00, 4.682e+00, 1.251e+01, 2.873e+01, -5.948e+01,2.094e+00, 3.091e+01, 0.000e+00, -5.113e+00,0.000e+00, 42462603
1.920e+00, 4.682e+00, 1.251e+01, 2.873e+01, -5.948e+01,2.094e+00, 3.086e+01, 0.000e+00, -4.922e+00,0.000e+00, 42472851
1.920e+00, 4.682e+00, 1.251e+01, 2.873e+01, -5.948e+01,2.094e+00, 3.082e+01, 0.000e+00, -4.346e+00,0.000e+00, 42483116
1.920e+00, 4.682e+00, 1.251e+01, 2.873e+01, -5.948e+01,2.094e+00, 3.077e+01, 0.000e+00, -4.314e+00,0.000e+00, 42493365
1.920e+00, 4.682e+00, 1.251e+01, 2.873e+01, -5.948e+01,2.094e+00, 3.074e+01, 0.000e+00, -3.643e+00,0.000e+00, 42503620
1.920e+00, 4.682e+00, 1.251e+01, 2.873e+01, -5.948e+01,2.094e+00, 3.070e+01, 0.000e+00, -3.643e+00,0.000e+00, 42513869
1.920e+00, 4.682e+00, 1.251e+01, 2.873e+01, -5.948e+01,2.094e+00, 3.067e+01, 0.000e+00, -3.579e+00,0.000e+00, 42524130
1.920e+00, 4.682e+00, 1.251e+01, 2.873e+01, -5.948e+01,2.094e+00, 3.064e+01, 0.000e+00, -3.068e+00,0.000e+00, 42534380
1.920e+00, 4.682e+00, 1.251e+01, 2.873e+01, -5.948e+01,2.094e+00, 3.062e+01, 0.000e+00, -2.557e+00,0.000e+00, 42544623
1.920e+00, 4.682e+00, 1.251e+01, 2.873e+01, -5.948e+01,2.094e+00, 3.060e+01, 0.000e+00, -1.981e+00,0.000e+00, 42554872
1.920e+00, 4.682e+00, 1.251e+01, 2.873e+01, -5.948e+01,2.094e+00, 3.059e+01, 0.000e+00, -1.374e+00,0.000e+00, 42565135
1.920e+00, 4.682e+00, 1.251e+01, 2.873e+01, -5.948e+01,2.094e+00, 3.059e+01, 0.000e+00, -8.309e-01,0.000e+00, 42575382
1.920e+00, 4.682e+00, 1.251e+01, 2.873e+01, -5.948e+01,2.094e+00, 3.058e+01, 0.000e+00, -4.155e-01,0.000e+00, 42585628
1.920e+00, 4.682e+00, 1.251e+01, 2.873e+01, -5.948e+01,2.094e+00, 3.059e+01, 0.000e+00, 2.557e-01,0.000e+00, 42595875
1.920e+00, 4.682e+00, 1.251e+01, 2.873e+01, -5.948e+01,2.094e+00, 3.059e+01, 0.000e+00, 4.155e-01,0.000e+00, 42606139
1.920e+00, 4.682e+00, 1.251e+01, 2.873e+01, -5.948e+01,2.094e+00, 3.062e+01, 0.000e+00, 1.502e+00,0.000e+00, 42616390
1.920e+00, 4.682e+00, 1.251e+01, 2.873e+01, -5.948e+01,2.094e+00, 3.063e+01, 0.000e+00, 1.470e+00,0.000e+00, 42626633
1.920e+00, 4.682e+00, 1.251e+01, 2.873e+01, -5.948e+01,2.094e+00, 3.065e+01, 0.000e+00, 1.917e+00,0.000e+00, 42636877
1.920e+00, 4.682e+00, 1.251e+01, 2.873e+01, -5.948e+01,2.094e+00, 3.068e+01, 0.000e+00, 2.397e+00,0.000e+00, 42647137
1.920e+00, 4.682e+00, 1.251e+01, 2.873e+01, -5.948e+01,2.094e+00, 3.071e+01, 0.000e+00, 2.844e+00,0.000e+00, 42657386
1.920e+00, 4.682e+00, 1.251e+01, 2.873e+01, -5.948e+01,2.094e+00, 3.075e+01, 0.000e+00, 3.196e+00,0.000e+00, 42667633
1.920e+00, 4.682e+00, 1.251e+01, 2.873e+01, -5.948e+01,2.094e+00, 3.079e+01, 0.000e+00, 3.324e+00,0.000e+00, 42677878
1.920e+00, 4.682e+00, 1.251e+01, 2.873e+01, -5.948e+01,2.094e+00, 3.083e+01, 0.000e+00, 4.091e+00,0.000e+00, 42688144
1.920e+00, 4.682e+00, 1.251e+01, 2.873e+01, -5.948e+01,2.094e+00, 3.088e+01, 0.000e+00, 4.378e+00,0.000e+00, 42698395
1.920e+00, 4.682e+00, 1.251e+01, 2.873e+01, -5.948e+01,2.094e+00, 3.094e+01, 0.000e+00, 4.570e+00,0.000e+00, 42708642
1.920e+00, 4.682e+00, 1.251e+01, 2.873e+01, -5.948e+01,2.094e+00, 3.099e+01, 0.000e+00, 5.369e+00,0.000e+00, 42718884
1.920e+00, 4.682e+00, 1.251e+01, 2.873e+01, -5.948e+01,2.094e+00, 3.104e+01, 0.000e+00, 5.465e+00,0.000e+00, 42729146
1.920e+00, 4.682e+00, 1.251e+01, 2.873e+01, -5.948e+01,2.094e+00, 3.110e+01, 0.000e+00, 5.561e+00,0.000e+00, 42739391
1.920e+00, 4.682e+00, 1.251e+01, 2.873e+01, -5.948e+01,2.094e+00, 3.114e+01, 0.000e+00, 5.369e+00,0.000e+00, 42749639
1.920e+00, 4.682e+00, 1.251e+01, 2.873e+01, -5.948e+01,2.094e+00, 3.120e+01, 0.000e+00, 5.369e+00,0.000e+00, 42759883
1.920e+00, 4.682e+00, 1.251e+01, 2.873e+01, -5.948e+01,2.094e+00, 3.125e+01, 0.000e+00, 5.497e+00,0.000e+00, 42770147
1.920e+00, 4.682e+00, 1.251e+01, 2.873e+01, -5.948e+01,2.094e+00, 3.131e+01, 0.000e+00, 5.209e+00,0.000e+00, 42780392
1.920e+00, 4.682e+00, 1.251e+01, 2.873e+01, -5.948e+01,2.094e+00, 3.136e+01, 0.000e+00, 5.241e+00,0.000e+00, 42790640
1.920e+00, 4.682e+00, 1.251e+01, 2.873e+01, -5.948e+01,2.094e+00, 3.140e+01, 0.000e+00, 4.953e+00,0.000e+00, 42800886
1.920e+00, 4.682e+00, 1.251e+01, 2.873e+01, -5.948e+01,2.094e+00, 3.146e+01, 0.000e+00, 4.985e+00,0.000e+00, 42811151
1.920e+00, 4.682e+00, 1.251e+01, 2.873e+01, -5.948e+01,2.094e+00, 3.151e+01, 0.000e+00, 4.794e+00,0.000e+00, 42821395
1.920e+00, 4.682e+00, 1.251e+01, 2.873e+01, -5.948e+01,2.094e+00, 3.155e+01, 0.000e+00, 4.634e+00,0.000e+00, 42831642
1.920e+00, 4.682e+00, 1.251e+01, 2.873e+01, -5.948e+01,2.094e+00, 3.160e+01, 0.000e+00, 4.314e+00,0.000e+00, 42841897
1.920e+00, 4.682e+00, 1.251e+01, 2.873e+01, -5.948e+01,2.094e+00, 3.164e+01, 0.000e+00, 3.995e+00,0.000e+00, 42852162
1.920e+00, 4.682e+00, 1.251e+01, 2.873e+01, -5.948e+01,2.094e+00, 3.167e+01, 0.000e+00, 3.483e+00,0.000e+00, 42862407
1.920e+00, 4.682e+00, 1.251e+01, 2.873e+01, -5.948e+01,2.094e+00, 3.170e+01, 0.000e+00, 3.292e+00,0.000e+00, 42872651
1.920e+00, 4.682e+00, 1.251e+01, 2.873e+01, -5.948e+01,2.094e+00, 3.173e+01, 0.000e+00, 2.972e+00,0.000e+00, 42882894
1.920e+00, 4.682e+00, 1.251e+01, 2.873e+01, -5.948e+01,2.094e+00, 3.175e+01, 0.000e+00, 2.812e+00,0.000e+00, 42893158
1.920e+00, 4.682e+00, 1.251e+01, 2.873e+01, -5.948e+01,2.094e+00, 3.176e+01, 0.000e+00, 1.918e+00,0.000e+00, 42903404
1.920e+00, 4.682e+00, 1.251e+01, 2.873e+01, -5.948e+01,2.094e+00, 3.177e+01, 0.000e+00, 1.406e+00,0.000e+00, 42913655
1.920e+00, 4.682e+00, 1.251e+01, 2.873e+01, -5.948e+01,2.094e+00, 3.178e+01, 0.000e+00, 9.267e-01,0.000e+00, 42923899
1.920e+00, 4.682e+00, 1.251e+01, 2.873e+01, -5.948e+01,2.094e+00, 3.178e+01, 0.000e+00, 4.794e-01,0.000e+00, 42934160
1.920e+00, 4.682e+00, 1.251e+01, 2.873e+01, -5.948e+01,2.094e+00, 3.178e+01, 0.000e+00, 9.592e-02,0.000e+00, 42944409
1.920e+00, 4.682e+00, 1.251e+01, 2.873e+01, -5.948e+01,2.094e+00, 3.178e+01, 0.000e+00, -2.876e-01,0.000e+00, 42954661
1.920e+00, 4.682e+00, 1.251e+01, 2.873e+01, -5.948e+01,2.094e+00, 3.176e+01, 0.000e+00, -7.670e-01,0.000e+00, 42964910
1.920e+00, 4.682e+00, 1.251e+01, 2.873e+01, -5.948e+01,2.094e+00, 3.175e+01, 0.000e+00, -9.907e-01,0.000e+00, 42975172
1.920e+00, 4.682e+00, 1.251e+01, 2.873e+01, -5.948e+01,2.094e+00, 3.173e+01, 0.000e+00, -1.534e+00,0.000e+00, 42985425
1.920e+00, 4.682e+00, 1.251e+01, 2.873e+01, -5.948e+01,2.094e+00, 3.171e+01, 0.000e+00, -1.885e+00,0.000e+00, 42995670
1.920e+00, 4.682e+00, 1.251e+01, 2.873e+01, -5.948e+01,2.094e+00, 3.169e+01, 0.000e+00, -2.205e+00,0.000e+00, 43005914
1.920e+00, 4.682e+00, 1.251e+01, 2.873e+01, -5.948e+01,2.094e+00, 3.165e+01, 0.000e+00, -2.748e+00,0.000e+00, 43016176
1.920e+00, 4.682e+00, 1.251e+01, 2.873e+01, -5.948e+01,2.094e+00, 3.162e+01, 0.000e+00, -2.812e+00,0.000e+00, 43026430
1.920e+00, 4.682e+00, 1.251e+01, 2.873e+01, -5.948e+01,2.094e+00, 3.159e+01, 0.000e+00, -3.100e+00,0.000e+00, 43036673
1.920e+00, 4.682e+00, 1.251e+01, 2.873e+01, -5.948e+01,2.094e+00, 3.156e+01, 0.000e+00, -3.260e+00,0.000e+00, 43046919
1.920e+00, 4.682e+00, 1.251e+01, 2.873e+01, -5.948e+01,2.094e+00, 3.152e+01, 0.000e+00, -3.611e+00,0.000e+00, 43057179
1.920e+00, 4.682e+00, 1.251e+01, 2.873e+01, -5.948e+01,2.094e+00, 3.147e+01, 0.000e+00, -4.282e+00,0.000e+00, 43067428
1.920e+00, 4.682e+00, 1.251e+01, 2.873e+01, -5.948e+01,2.094e+00, 3.144e+01, 0.000e+00, -3.931e+00,0.000e+00, 43077677
1.920e+00, 4.682e+00, 1.251e+01, 2.873e+01, -5.948e+01,2.094e+00, 3.140e+01, 0.000e+00, -3.963e+00,0.000e+00, 43087922
1.920e+00, 4.682e+00, 1.251e+01, 2.873e+01, -5.948e+01,2.094e+00, 3.135e+01, 0.000e+00, -4.059e+00,0.000e+00, 43098183
1.920e+00, 4.682e+00, 1.251e+01, 2.873e+01, -5.948e+01,2.094e+00, 3.131e+01, 0.000e+00, -4.123e+00,0.000e+00, 43108435
1.920e+00, 4.682e+00, 1.251e+01, 2.873e+01, -5.948e+01,2.094e+00, 3.127e+01, 0.000e+00, -4.091e+00,0.000e+00, 43118683
1.920e+00, 4.682e+00, 1.251e+01, 2.873e+01, -5.948e+01,2.094e+00, 3.123e+01, 0.000e+00, -4.218e+00,0.000e+00, 43128932
1.920e+00, 4.682e+00, 1.251e+01, 2.873e+01, -5.948e+01,2.094e+00, 3.118e+01, 0.000e+00, -4.187e+00,0.000e+00, 43139198
1.920e+00, 4.682e+00, 1.251e+01, 2.873e+01, -5.948e+01,2.094e+00, 3.115e+01, 0.000e+00, -3.931e+00,0.000e+00, 43149443
1.920e+00, 4.682e+00, 1.251e+01, 2.873e+01, -5.948e+01,2.094e+00, 3.111e+01, 0.000e+00, -3.835e+00,0.000e+00, 43159688
1.920e+00, 4.682e+00, 1.251e+01, 2.873e+01, -5.948e+01,2.094e+00, 3.107e+01, 0.000e+00, -3.611e+00,0.000e+00, 43169938
1.920e+00, 4.682e+00, 1.251e+01, 2.873e+01, -5.948e+01,2.094e+00, 3.104e+01, 0.000e+00, -3.515e+00,0.000e+00, 43180198
1.920e+00, 4.682e+00, 1.251e+01, 2.873e+01, -5.948e+01,2.094e+00, 3.101e+01, 0.000e+00, -3.260e+00,0.000e+00, 43190446
1.920e+00, 4.682e+00, 1.251e+01, 2.873e+01, -5.948e+01,2.094e+00, 3.098e+01, 0.000e+00, -3.132e+00,0.000e+00, 43200690
1.920e+00, 4.682e+00, 1.251e+01, 2.873e+01, -5.948e+01,2.094e+00, 3.095e+01, 0.000e+00, -2.780e+00,0.000e+00, 43210936
1.920e+00, 4.682e+00, 1.251e+01, 2.873e+01, -5.948e+01,2.094e+00, 3.092e+01, 0.000e+00, -2.876e+00,0.000e+00, 43221207
1.920e+00, 4.682e+00, 1.251e+01, 2.873e+01, -5.948e+01,2.094e+00, 3.089e+01, 0.000e+00, -3.004e+00,0.000e+00, 43231457
1.920e+00, 4.682e+00, 1.251e+01, 2.873e+01, -5.948e+01,2.094e+00, 3.088e+01, 0.000e+00, -2.173e+00,0.000e+00, 43241705
1.920e+00, 4.682e+00, 1.251e+01, 2.873e+01, -5.948e+01,2.094e+00, 3.085e+01, 0.000e+00, -1.885e+00,0.000e+00, 43251951
1.920e+00, 4.682e+00, 1.251e+01, 2.873e+01, -5.948e+01,2.094e+00, 3.084e+01, 0.000e+00, -1.598e+00,0.000e+00, 43262212
1.920e+00, 4.682e+00, 1.251e+01, 2.873e+01, -5.948e+01,2.094e+00, 3.083e+01, 0.000e+00, -1.246e+00,0.000e+00, 43272457
1.920e+00, 4.682e+00, 1.251e+01, 2.873e+01, -5.948e+01,2.094e+00, 3.082e+01, 0.000e+00, -9.267e-01,0.000e+00, 43282705
1.920e+00, 4.682e+00, 1.251e+01, 2.873e+01, -5.948e+01,2.094e+00, 3.082e+01, 0.000e+00, -5.433e-01,0.000e+00, 43292950
1.920e+00, 4.682e+00, 1.251e+01, 2.873e+01, -5.948e+01,2.094e+00, 3.082e+01, 0.000e+00, -1.279e-01,0.000e+00, 43303211
1.920e+00, 4.682e+00, 1.251e+01, 2.873e+01, -5.948e+01,2.094e+00, 3.082e+01, 0.000e+00, 1.598e-01,0.000e+00, 43313463
1.920e+00, 4.682e+00, 1.251e+01, 2.873e+01, -5.948e+01,2.094e+00, 3.083e+01, 0.000e+00, 4.474e-01,0.000e+00, 43323711
1.920e+00, 4.682e+00, 1.251e+01, 2.873e+01, -5.948e+01,2.094e+00, 3.084e+01, 0.000e+00, 7.670e-01,0.000e+00, 43333956
1.920e+00, 4.682e+00, 1.251e+01, 2.873e+01, -5.948e+01,2.094e+00, 3.085e+01, 0.000e+00, 1.246e+00,0.000e+00, 43344218
1.920e+00, 4.682e+00, 1.251e+01, 2.873e+01, -5.948e+01,2.094e+00, 3.087e+01, 0.000e+00, 1.566e+00,0.000e+00, 43354465
1.920e+00, 4.682e+00, 1.251e+01, 2.873e+01, -5.948e+01,2.094e+00, 3.089e+01, 0.000e+00, 1.758e+00,0.000e+00, 43364710
1.920e+00, 4.682e+00, 1.251e+01, 2.873e+01, -5.948e+01,2.094e+00, 3.091e+01, 0.000e+00, 1.917e+00,0.000e+00, 43374957
1.920e+00, 4.682e+00, 1.251e+01, 2.873e+01, -5.948e+01,2.094e+00, 3.094e+01, 0.000e+00, 2.397e+00,0.000e+00, 43385220
1.920e+00, 4.682e+00, 1.251e+01, 2.873e+01, -5.948e+01,2.094e+00, 3.097e+01, 0.000e+00, 2.397e+00,0.000e+00, 43395467
1.920e+00, 4.682e+00, 1.251e+01, 2.873e+01, -5.948e+01,2.094e+00, 3.099e+01, 0.000e+00, 2.716e+00,0.000e+00, 43405715
1.920e+00, 4.682e+00, 1.251e+01, 2.873e+01, -5.948e+01,2.094e+00, 3.103e+01, 0.000e+00, 3.100e+00,0.000e+00, 43415964
1.920e+00, 4.682e+00, 1.251e+01, 2.873e+01, -5.948e+01,2.094e+00, 3.106e+01, 0.000e+00, 3.292e+00,0.000e+00, 43426224
1.920e+00, 4.682e+00, 1.251e+01, 2.873e+01, -5.948e+01,2.094e+00, 3.109e+01, 0.000e+00, 3.132e+00,0.000e+00, 43436469
1.920e+00, 4.682e+00, 1.251e+01, 2.873e+01, -5.948e+01,2.094e+00, 3.112e+01, 0.000e+00, 3.292e+00,0.000e+00, 43446716
1.920e+00, 4.682e+00, 1.251e+01, 2.873e+01, -5.948e+01,2.094e+00, 3.116e+01, 0.000e+00, 3.260e+00,0.000e+00, 43456962
1.920e+00, 4.682e+00, 1.251e+01, 2.873e+01, -5.948e+01,2.094e+00, 3.119e+01, 0.000e+00, 3.420e+00,0.000e+00, 43467222
1.920e+00, 4.682e+00, 1.251e+01, 2.873e+01, -5.948e+01,2.094e+00, 3.124e+01, 0.000e+00, 3.707e+00,0.000e+00, 43477472
1.920e+00, 4.682e+00, 1.251e+01, 2.873e+01, -5.948e+01,2.094e+00, 3.126e+01, 0.000e+00, 3.356e+00,0.000e+00, 43487718
1.920e+00, 4.682e+00, 1.251e+01, 2.873e+01, -5.948e+01,2.094e+00, 3.129e+01, 0.000e+00, 3.324e+00,0.000e+00, 43497969
1.920e+00, 4.682e+00, 1.251e+01, 2.873e+01, -5.948e+01,2.094e+00, 3.132e+01, 0.000e+00, 3.100e+00,0.000e+00, 43508226
1.920e+00, 4.682e+00, 1.251e+01, 2.873e+01, -5.948e+01,2.094e+00, 3.136e+01, 0.000e+00, 2.972e+00,0.000e+00, 43518474
1.920e+00, 4.682e+00, 1.251e+01, 2.873e+01, -5.948e+01,2.094e+00, 3.139e+01, 0.000e+00, 2.940e+00,0.000e+00, 43528720
1.920e+00, 4.682e+00, 1.251e+01, 2.873e+01, -5.948e+01,2.094e+00, 3.141e+01, 0.000e+00, 2.748e+00,0.000e+00, 43538965
1.920e+00, 4.682e+00, 1.251e+01, 2.873e+01, -5.948e+01,2.094e+00, 3.144e+01, 0.000e+00, 2.684e+00,0.000e+00, 43549224
1.920e+00, 4.682e+00, 1.251e+01, 2.873e+01, -5.948e+01,2.094e+00, 3.147e+01, 0.000e+00, 2.525e+00,0.000e+00, 43559473
1.920e+00, 4.682e+00, 1.251e+01, 2.873e+01, -5.948e+01,2.094e+00, 3.149e+01, 0.000e+00, 2.301e+00,0.000e+00, 43569716
1.920e+00, 4.682e+00, 1.251e+01, 2.873e+01, -5.948e+01,2.094e+00, 3.151e+01, 0.000e+00, 2.141e+00,0.000e+00, 43579966
1.920e+00, 4.682e+00, 1.251e+01, 2.873e+01, -5.948e+01,2.094e+00, 3.152e+01, 0.000e+00, 1.758e+00,0.000e+00, 43590228
1.920e+00, 4.682e+00, 1.251e+01, 2.873e+01, -5.948e+01,2.094e+00, 3.154e+01, 0.000e+00, 1.534e+00,0.000e+00, 43600475
1.920e+00, 4.682e+00, 1.251e+01, 2.873e+01, -5.948e+01,2.094e+00, 3.155e+01, 0.000e+00, 1.023e+00,0.000e+00, 43610718
1.920e+00, 4.682e+00, 1.251e+01, 2.873e+01, -5.948e+01,2.094e+00, 3.155e+01, 0.000e+00, 8.628e-01,0.000e+00, 43620969
1.920e+00, 4.682e+00, 1.251e+01, 2.873e+01, -5.948e+01,2.094e+00, 3.156e+01, 0.000e+00, 4.794e-01,0.000e+00, 43631231
1.920e+00, 4.682e+00, 1.251e+01, 2.873e+01, -5.948e+01,2.094e+00, 3.156e+01, 0.000e+00, 2.557e-01,0.000e+00, 43641479
1.920e+00, 4.682e+00, 1.251e+01, 2.873e+01, -5.948e+01,2.094e+00, 3.156e+01, 0.000e+00, 1.278e-01,0.000e+00, 43651725
1.920e+00, 4.682e+00, 1.251e+01, 2.873e+01, -5.948e+01,2.094e+00, 3.156e+01, 0.000e+00, -1.278e-01,0.000e+00, 43661972