0.000e+00, 0.000e+00, 0.000e+00, 0.000e+00, 0.000e+00,0.000e+00, 0.000e+00, 0.000e+00, 0.000e+00,0.000e+00, 13270334
0.000e+00, 0.000e+00, 0.000e+00, 0.000e+00, 0.000e+00,0.000e+00, 0.000e+00, 0.000e+00, 0.000e+00,0.000e+00, 13280423
0.000e+00, 0.000e+00, 0.000e+00, 0.000e+00, 0.000e+00,0.000e+00, 0.000e+00, 0.000e+00, 0.000e+00,0.000e+00, 13290513
0.000e+00, 0.000e+00, 0.000e+00, 0.000e+00, 0.000e+00,0.000e+00, 0.000e+00, 0.000e+00, 0.000e+00,0.000e+00, 13300602
0.000e+00, 0.000e+00, 0.000e+00, 0.000e+00, 0.000e+00,0.000e+00, 0.000e+00, 0.000e+00, 0.000e+00,0.000e+00, 13310691
0.000e+00, 0.000e+00, 0.000e+00, 0.000e+00, 0.000e+00,0.000e+00, 0.000e+00, 0.000e+00, 0.000e+00,0.000e+00, 13320782
0.000e+00, 0.000e+00, 0.000e+00, 0.000e+00, 0.000e+00,0.000e+00, 0.000e+00, 0.000e+00, 0.000e+00,0.000e+00, 13330871
0.000e+00, 0.000e+00, 0.000e+00, 0.000e+00, 0.000e+00,0.000e+00, 0.000e+00, 0.000e+00, 0.000e+00,0.000e+00, 13340960
0.000e+00, 0.000e+00, 0.000e+00, 0.000e+00, 0.000e+00,0.000e+00, 0.000e+00, 0.000e+00, 0.000e+00,0.000e+00, 13351061
0.000e+00, 0.000e+00, 0.000e+00, 0.000e+00, 0.000e+00,0.000e+00, 0.000e+00, 0.000e+00, 0.000e+00,0.000e+00, 13361151
0.000e+00, 0.000e+00, 0.000e+00, 0.000e+00, 0.000e+00,0.000e+00, 0.000e+00, 0.000e+00, 0.000e+00,0.000e+00, 13371240
0.000e+00, 0.000e+00, 0.000e+00, 0.000e+00, 0.000e+00,0.000e+00, 0.000e+00, 0.000e+00, 0.000e+00,0.000e+00, 13381329
0.000e+00, 0.000e+00, 0.000e+00, 0.000e+00, 0.000e+00,0.000e+00, 0.000e+00, 0.000e+00, 0.000e+00,0.000e+00, 13391419
0.000e+00, 0.000e+00, 0.000e+00, 0.000e+00, 0.000e+00,0.000e+00, 0.000e+00, 0.000e+00, 0.000e+00,0.000e+00, 13401507
0.000e+00, 0.000e+00, 0.000e+00, 0.000e+00, 0.000e+00,0.000e+00, 0.000e+00, 0.000e+00, 0.000e+00,0.000e+00, 13411597
0.000e+00, 0.000e+00, 0.000e+00, 0.000e+00, 0.000e+00,0.000e+00, 0.000e+00, 0.000e+00, 0.000e+00,0.000e+00, 13421686
0.000e+00, 0.000e+00, 0.000e+00, 0.000e+00, 0.000e+00,0.000e+00, 0.000e+00, 0.000e+00, 0.000e+00,0.000e+00, 13431777
0.000e+00, 0.000e+00, 0.000e+00, 0.000e+00, 0.000e+00,0.000e+00, 0.000e+00, 0.000e+00, 0.000e+00,0.000e+00, 13441866
0.000e+00, 0.000e+00, 0.000e+00, 0.000e+00, 0.000e+00,0.000e+00, 0.000e+00, 0.000e+00, 0.000e+00,0.000e+00, 13451956
0.000e+00, 0.000e+00, 0.000e+00, 0.000e+00, 0.000e+00,0.000e+00, 0.000e+00, 0.000e+00, 0.000e+00,0.000e+00, 13462057
0.000e+00, 0.000e+00, 0.000e+00, 0.000e+00, 0.000e+00,0.000e+00, 0.000e+00, 0.000e+00, 0.000e+00,0.000e+00, 13472146
0.000e+00, 0.000e+00, 0.000e+00, 0.000e+00, 0.000e+00,0.000e+00, 0.000e+00, 0.000e+00, 0.000e+00,0.000e+00, 13482235
0.000e+00, 0.000e+00, 0.000e+00, 0.000e+00, 0.000e+00,0.000e+00, 0.000e+00, 0.000e+00, 0.000e+00,0.000e+00, 13492325
0.000e+00, 0.000e+00, 0.000e+00, 0.000e+00, 0.000e+00,0.000e+00, 0.000e+00, 0.000e+00, 0.000e+00,0.000e+00, 13502414
0.000e+00, 0.000e+00, 0.000e+00, 0.000e+00, 0.000e+00,0.000e+00, 0.000e+00, 0.000e+00, 0.000e+00,0.000e+00, 13512504
0.000e+00, 0.000e+00, 0.000e+00, 0.000e+00, 0.000e+00,0.000e+00, 0.000e+00, 0.000e+00, 0.000e+00,0.000e+00, 13522593
0.000e+00, 0.000e+00, 0.000e+00, 0.000e+00, 0.000e+00,0.000e+00, 0.000e+00, 0.000e+00, 0.000e+00,0.000e+00, 13532682
0.000e+00, 0.000e+00, 0.000e+00, 0.000e+00, 0.000e+00,0.000e+00, 0.000e+00, 0.000e+00, 0.000e+00,0.000e+00, 13542773
0.000e+00, 0.000e+00, 0.000e+00, 0.000e+00, 0.000e+00,0.000e+00, 0.000e+00, 0.000e+00, 0.000e+00,0.000e+00, 13552862
0.000e+00, 0.000e+00, 0.000e+00, 0.000e+00, 0.000e+00,0.000e+00, 0.000e+00, 0.000e+00, 0.000e+00,0.000e+00, 13562951
0.000e+00, 0.000e+00, 0.000e+00, 0.000e+00, 0.000e+00,0.000e+00, 0.000e+00, 0.000e+00, 0.000e+00,0.000e+00, 13573053
0.000e+00, 0.000e+00, 0.000e+00, 0.000e+00, 0.000e+00,0.000e+00, 0.000e+00, 0.000e+00, 0.000e+00,0.000e+00, 13583142
0.000e+00, 0.000e+00, 0.000e+00, 0.000e+00, 0.000e+00,0.000e+00, 0.000e+00, 0.000e+00, 0.000e+00,0.000e+00, 13593231
0.000e+00, 0.000e+00, 0.000e+00, 0.000e+00, 0.000e+00,0.000e+00, 0.000e+00, 0.000e+00, 0.000e+00,0.000e+00, 13603322
0.000e+00, 0.000e+00, 0.000e+00, 0.000e+00, 0.000e+00,0.000e+00, 0.000e+00, 0.000e+00, 0.000e+00,0.000e+00, 13613412
0.000e+00, 0.000e+00, 0.000e+00, 0.000e+00, 0.000e+00,0.000e+00, 0.000e+00, 0.000e+00, 0.000e+00,0.000e+00, 13623501
0.000e+00, 0.000e+00, 0.000e+00, 0.000e+00, 0.000e+00,0.000e+00, 0.000e+00, 0.000e+00, 0.000e+00,0.000e+00, 13633590
0.000e+00, 0.000e+00, 0.000e+00, 0.000e+00, 0.000e+00,0.000e+00, 0.000e+00, 0.000e+00, 0.000e+00,0.000e+00, 13643680
0.000e+00, 0.000e+00, 0.000e+00, 0.000e+00, 0.000e+00,0.000e+00, 0.000e+00, 0.000e+00, 0.000e+00,0.000e+00, 13653770
0.000e+00, 0.000e+00, 0.000e+00, 0.000e+00, 0.000e+00,0.000e+00, 0.000e+00, 0.000e+00, 0.000e+00,0.000e+00, 13663859
0.000e+00, 0.000e+00, 0.000e+00, 0.000e+00, 0.000e+00,0.000e+00, 0.000e+00, 0.000e+00, 0.000e+00,0.000e+00, 13673948
0.000e+00, 0.000e+00, 0.000e+00, 0.000e+00, 0.000e+00,0.000e+00, 0.000e+00, 0.000e+00, 0.000e+00,0.000e+00, 13684051
0.000e+00, 0.000e+00, 0.000e+00, 0.000e+00, 0.000e+00,0.000e+00, 0.000e+00, 0.000e+00, 0.000e+00,0.000e+00, 13694140
0.000e+00, 0.000e+00, 0.000e+00, 0.000e+00, 0.000e+00,0.000e+00, 0.000e+00, 0.000e+00, 0.000e+00,0.000e+00, 13704229
0.000e+00, 0.000e+00, 0.000e+00, 0.000e+00, 0.000e+00,0.000e+00, 0.000e+00, 0.000e+00, 0.000e+00,0.000e+00, 13714318
0.000e+00, 0.000e+00, 0.000e+00, 0.000e+00, 0.000e+00,0.000e+00, 0.000e+00, 0.000e+00, 0.000e+00,0.000e+00, 13724408
0.000e+00, 0.000e+00, 0.000e+00, 0.000e+00, 0.000e+00,0.000e+00, 0.000e+00, 0.000e+00, 0.000e+00,0.000e+00, 13734497
0.000e+00, 0.000e+00, 0.000e+00, 0.000e+00, 0.000e+00,0.000e+00, 0.000e+00, 0.000e+00, 0.000e+00,0.000e+00, 13744586
0.000e+00, 0.000e+00, 0.000e+00, 0.000e+00, 0.000e+00,0.000e+00, 0.000e+00, 0.000e+00, 0.000e+00,0.000e+00, 13754674
0.000e+00, 0.000e+00, 0.000e+00, 0.000e+00, 0.000e+00,0.000e+00, 0.000e+00, 0.000e+00, 0.000e+00,0.000e+00, 13764767
0.000e+00, 0.000e+00, 0.000e+00, 0.000e+00, 0.000e+00,0.000e+00, 0.000e+00, 0.000e+00, 0.000e+00,0.000e+00, 13774858
0.000e+00, 0.000e+00, 0.000e+00, 0.000e+00, 0.000e+00,0.000e+00, 0.000e+00, 0.000e+00, 0.000e+00,0.000e+00, 13784948
0.000e+00, 0.000e+00, 0.000e+00, 0.000e+00, 0.000e+00,0.000e+00, 0.000e+00, 0.000e+00, 0.000e+00,0.000e+00, 13795049
0.000e+00, 0.000e+00, 0.000e+00, 0.000e+00, 0.000e+00,0.000e+00, 0.000e+00, 0.000e+00, 0.000e+00,0.000e+00, 13805138
0.000e+00, 0.000e+00, 0.000e+00, 0.000e+00, 0.000e+00,0.000e+00, 0.000e+00, 0.000e+00, 0.000e+00,0.000e+00, 13815227
0.000e+00, 0.000e+00, 0.000e+00, 0.000e+00, 0.000e+00,0.000e+00, 0.000e+00, 0.000e+00, 0.000e+00,0.000e+00, 13825315
0.000e+00, 0.000e+00, 0.000e+00, 0.000e+00, 0.000e+00,0.000e+00, 0.000e+00, 0.000e+00, 0.000e+00,0.000e+00, 13835405
0.000e+00, 0.000e+00, 0.000e+00, 0.000e+00, 0.000e+00,0.000e+00, 0.000e+00, 0.000e+00, 0.000e+00,0.000e+00, 13845493
0.000e+00, 0.000e+00, 0.000e+00, 0.000e+00, 0.000e+00,0.000e+00, 0.000e+00, 0.000e+00, 0.000e+00,0.000e+00, 13855583
0.000e+00, 0.000e+00, 0.000e+00, 0.000e+00, 0.000e+00,0.000e+00, 0.000e+00, 0.000e+00, 0.000e+00,0.000e+00, 13865671
0.000e+00, 0.000e+00, 0.000e+00, 0.000e+00, 0.000e+00,0.000e+00, 0.000e+00, 0.000e+00, 0.000e+00,0.000e+00, 13875763
0.000e+00, 0.000e+00, 0.000e+00, 0.000e+00, 0.000e+00,0.000e+00, 0.000e+00, 0.000e+00, 0.000e+00,0.000e+00, 13885852
0.000e+00, 0.000e+00, 0.000e+00, 0.000e+00, 0.000e+00,0.000e+00, 0.000e+00, 0.000e+00, 0.000e+00,0.000e+00, 13895942
0.000e+00, 0.000e+00, 0.000e+00, 0.000e+00, 0.000e+00,0.000e+00, 0.000e+00, 0.000e+00, 0.000e+00,0.000e+00, 13906046
0.000e+00, 0.000e+00, 0.000e+00, 0.000e+00, 0.000e+00,0.000e+00, 0.000e+00, 0.000e+00, 0.000e+00,0.000e+00, 13916136
0.000e+00, 0.000e+00, 0.000e+00, 0.000e+00, 0.000e+00,0.000e+00, 0.000e+00, 0.000e+00, 0.000e+00,0.000e+00, 13926225
0.000e+00, 0.000e+00, 0.000e+00, 0.000e+00, 0.000e+00,0.000e+00, 0.000e+00, 0.000e+00, 0.000e+00,0.000e+00, 13936316
0.000e+00, 0.000e+00, 0.000e+00, 0.000e+00, 0.000e+00,0.000e+00, 0.000e+00, 0.000e+00, 0.000e+00,0.000e+00, 13946405
0.000e+00, 0.000e+00, 0.000e+00, 0.000e+00, 0.000e+00,0.000e+00, 0.000e+00, 0.000e+00, 0.000e+00,0.000e+00, 13956494
0.000e+00, 0.000e+00, 0.000e+00, 0.000e+00, 0.000e+00,0.000e+00, 0.000e+00, 0.000e+00, 0.000e+00,0.000e+00, 13966583
0.000e+00, 0.000e+00, 0.000e+00, 0.000e+00, 0.000e+00,0.000e+00, 0.000e+00, 0.000e+00, 0.000e+00,0.000e+00, 13976674
0.000e+00, 0.000e+00, 0.000e+00, 0.000e+00, 0.000e+00,0.000e+00, 0.000e+00, 0.000e+00, 0.000e+00,0.000e+00, 13986765
0.000e+00, 0.000e+00, 0.000e+00, 0.000e+00, 0.000e+00,0.000e+00, 0.000e+00, 0.000e+00, 0.000e+00,0.000e+00, 13996853
0.000e+00, 0.000e+00, 0.000e+00, 0.000e+00, 0.000e+00,0.000e+00, 0.000e+00, 0.000e+00, 0.000e+00,0.000e+00, 14006943
0.000e+00, 0.000e+00, 0.000e+00, 0.000e+00, 0.000e+00,0.000e+00, 0.000e+00, 0.000e+00, 0.000e+00,0.000e+00, 14017045
0.000e+00, 0.000e+00, 0.000e+00, 0.000e+00, 0.000e+00,0.000e+00, 0.000e+00, 0.000e+00, 0.000e+00,0.000e+00, 14027134
0.000e+00, 0.000e+00, 0.000e+00, 0.000e+00, 0.000e+00,0.000e+00, 0.000e+00, 0.000e+00, 0.000e+00,0.000e+00, 14037224
0.000e+00, 0.000e+00, 0.000e+00, 0.000e+00, 0.000e+00,0.000e+00, 0.000e+00, 0.000e+00, 0.000e+00,0.000e+00, 14047313
0.000e+00, 0.000e+00, 0.000e+00, 0.000e+00, 0.000e+00,0.000e+00, 0.000e+00, 0.000e+00, 0.000e+00,0.000e+00, 14057403
0.000e+00, 0.000e+00, 0.000e+00, 0.000e+00, 0.000e+00,0.000e+00, 0.000e+00, 0.000e+00, 0.000e+00,0.000e+00, 14067492
0.000e+00, 0.000e+00, 0.000e+00, 0.000e+00, 0.000e+00,0.000e+00, 0.000e+00, 0.000e+00, 0.000e+00,0.000e+00, 14077582
0.000e+00, 0.000e+00, 0.000e+00, 0.000e+00, 0.000e+00,0.000e+00, 0.000e+00, 0.000e+00, 0.000e+00,0.000e+00, 14087671
0.000e+00, 0.000e+00, 0.000e+00, 0.000e+00, 0.000e+00,0.000e+00, 0.000e+00, 0.000e+00, 0.000e+00,0.000e+00, 14097761
0.000e+00, 0.000e+00, 0.000e+00, 0.000e+00, 0.000e+00,0.000e+00, 0.000e+00, 0.000e+00, 0.000e+00,0.000e+00, 14107850
0.000e+00, 0.000e+00, 0.000e+00, 0.000e+00, 0.000e+00,0.000e+00, 0.000e+00, 0.000e+00, 0.000e+00,0.000e+00, 14117939
0.000e+00, 0.000e+00, 0.000e+00, 0.000e+00, 0.000e+00,0.000e+00, 0.000e+00, 0.000e+00, 0.000e+00,0.000e+00, 14128040
0.000e+00, 0.000e+00, 0.000e+00, 0.000e+00, 0.000e+00,0.000e+00, 0.000e+00, 0.000e+00, 0.000e+00,0.000e+00, 14138130
0.000e+00, 0.000e+00, 0.000e+00, 0.000e+00, 0.000e+00,0.000e+00, 0.000e+00, 0.000e+00, 0.000e+00,0.000e+00, 14148220
0.000e+00, 0.000e+00, 0.000e+00, 0.000e+00, 0.000e+00,0.000e+00, 0.000e+00, 0.000e+00, 0.000e+00,0.000e+00, 14158309
0.000e+00, 0.000e+00, 0.000e+00, 0.000e+00, 0.000e+00,0.000e+00, 0.000e+00, 0.000e+00, 0.000e+00,0.000e+00, 14168398
0.000e+00, 0.000e+00, 0.000e+00, 0.000e+00, 0.000e+00,0.000e+00, 0.000e+00, 0.000e+00, 0.000e+00,0.000e+00, 14178488
0.000e+00, 0.000e+00, 0.000e+00, 0.000e+00, 0.000e+00,0.000e+00, 0.000e+00, 0.000e+00, 0.000e+00,0.000e+00, 14188577
0.000e+00, 0.000e+00, 0.000e+00, 0.000e+00, 0.000e+00,0.000e+00, 0.000e+00, 0.000e+00, 0.000e+00,0.000e+00, 14198667
0.000e+00, 0.000e+00, 0.000e+00, 0.000e+00, 0.000e+00,0.000e+00, 0.000e+00, 0.000e+00, 0.000e+00,0.000e+00, 14208758
0.000e+00, 0.000e+00, 0.000e+00, 0.000e+00, 0.000e+00,0.000e+00, 0.000e+00, 0.000e+00, 0.000e+00,0.000e+00, 14218846
0.000e+00, 0.000e+00, 0.000e+00, 0.000e+00, 0.000e+00,0.000e+00, 0.000e+00, 0.000e+00, 0.000e+00,0.000e+00, 14228936
0.000e+00, 0.000e+00, 0.000e+00, 0.000e+00, 0.000e+00,0.000e+00, 0.000e+00, 0.000e+00, 0.000e+00,0.000e+00, 14239037
0.000e+00, 0.000e+00, 0.000e+00, 0.000e+00, 0.000e+00,0.000e+00, 0.000e+00, 0.000e+00, 0.000e+00,0.000e+00, 14249126
0.000e+00, 0.000e+00, 0.000e+00, 0.000e+00, 0.000e+00,0.000e+00, 0.000e+00, 0.000e+00, 0.000e+00,0.000e+00, 14259215
0.000e+00, 0.000e+00, 0.000e+00, 0.000e+00, 0.000e+00,0.000e+00, 0.000e+00, 0.000e+00, 0.000e+00,0.000e+00, 14269306
0.000e+00, 0.000e+00, 0.000e+00, 0.000e+00, 0.000e+00,0.000e+00, 0.000e+00, 0.000e+00, 0.000e+00,0.000e+00, 14279395
0.000e+00, 0.000e+00, 0.000e+00, 0.000e+00, 0.000e+00,0.000e+00, 0.000e+00, 0.000e+00, 0.000e+00,0.000e+00, 14289485
0.000e+00, 0.000e+00, 0.000e+00, 0.000e+00, 0.000e+00,0.000e+00, 0.000e+00, 0.000e+00, 0.000e+00,0.000e+00, 14299575
0.000e+00, 0.000e+00, 0.000e+00, 0.000e+00, 0.000e+00,0.000e+00, 0.000e+00, 0.000e+00, 0.000e+00,0.000e+00, 14309663
0.000e+00, 0.000e+00, 0.000e+00, 0.000e+00, 0.000e+00,0.000e+00, 0.000e+00, 0.000e+00, 0.000e+00,0.000e+00, 14319755
0.000e+00, 0.000e+00, 0.000e+00, 0.000e+00, 0.000e+00,0.000e+00, 0.000e+00, 0.000e+00, 0.000e+00,0.000e+00, 14329845
0.000e+00, 0.000e+00, 0.000e+00, 0.000e+00, 0.000e+00,0.000e+00, 0.000e+00, 0.000e+00, 0.000e+00,0.000e+00, 14339934
0.000e+00, 0.000e+00, 0.000e+00, 0.000e+00, 0.000e+00,0.000e+00, 0.000e+00, 0.000e+00, 0.000e+00,0.000e+00, 14350035
0.000e+00, 0.000e+00, 0.000e+00, 0.000e+00, 0.000e+00,0.000e+00, 0.000e+00, 0.000e+00, 0.000e+00,0.000e+00, 14360125
0.000e+00, 0.000e+00, 0.000e+00, 0.000e+00, 0.000e+00,0.000e+00, 0.000e+00, 0.000e+00, 0.000e+00,0.000e+00, 14370214
0.000e+00, 0.000e+00, 0.000e+00, 0.000e+00, 0.000e+00,0.000e+00, 0.000e+00, 0.000e+00, 0.000e+00,0.000e+00, 14380305
0.000e+00, 0.000e+00, 0.000e+00, 0.000e+00, 0.000e+00,0.000e+00, 0.000e+00, 0.000e+00, 0.000e+00,0.000e+00, 14390394
0.000e+00, 0.000e+00, 0.000e+00, 0.000e+00, 0.000e+00,0.000e+00, 0.000e+00, 0.000e+00, 0.000e+00,0.000e+00, 14400483
0.000e+00, 0.000e+00, 0.000e+00, 0.000e+00, 0.000e+00,0.000e+00, 0.000e+00, 0.000e+00, 0.000e+00,0.000e+00, 14410572
0.000e+00, 0.000e+00, 0.000e+00, 0.000e+00, 0.000e+00,0.000e+00, 0.000e+00, 0.000e+00, 0.000e+00,0.000e+00, 14420662
0.000e+00, 0.000e+00, 0.000e+00, 0.000e+00, 0.000e+00,0.000e+00, 0.000e+00, 0.000e+00, 0.000e+00,0.000e+00, 14430754
0.000e+00, 0.000e+00, 0.000e+00, 0.000e+00, 0.000e+00,0.000e+00, 0.000e+00, 0.000e+00, 0.000e+00,0.000e+00, 14440844
0.000e+00, 0.000e+00, 0.000e+00, 0.000e+00, 0.000e+00,0.000e+00, 0.000e+00, 0.000e+00, 0.000e+00,0.000e+00, 14450932
0.000e+00, 0.000e+00, 0.000e+00, 0.000e+00, 0.000e+00,0.000e+00, 0.000e+00, 0.000e+00, 0.000e+00,0.000e+00, 14461034
0.000e+00, 0.000e+00, 0.000e+00, 0.000e+00, 0.000e+00,0.000e+00, 0.000e+00, 0.000e+00, 0.000e+00,0.000e+00, 14471122
0.000e+00, 0.000e+00, 0.000e+00, 0.000e+00, 0.000e+00,0.000e+00, 0.000e+00, 0.000e+00, 0.000e+00,0.000e+00, 14481212
0.000e+00, 0.000e+00, 0.000e+00, 0.000e+00, 0.000e+00,0.000e+00, 0.000e+00, 0.000e+00, 0.000e+00,0.000e+00, 14491302
0.000e+00, 0.000e+00, 0.000e+00, 0.000e+00, 0.000e+00,0.000e+00, 0.000e+00, 0.000e+00, 0.000e+00,0.000e+00, 14501391
0.000e+00, 0.000e+00, 0.000e+00, 0.000e+00, 0.000e+00,0.000e+00, 0.000e+00, 0.000e+00, 0.000e+00,0.000e+00, 14511480
0.000e+00, 0.000e+00, 0.000e+00, 0.000e+00, 0.000e+00,0.000e+00, 0.000e+00, 0.000e+00, 0.000e+00,0.000e+00, 14521569
0.000e+00, 0.000e+00, 0.000e+00, 0.000e+00, 0.000e+00,0.000e+00, 0.000e+00, 0.000e+00, 0.000e+00,0.000e+00, 14531658
0.000e+00, 0.000e+00, 0.000e+00, 0.000e+00, 0.000e+00,0.000e+00, 0.000e+00, 0.000e+00, 0.000e+00,0.000e+00, 14541749
0.000e+00, 0.000e+00, 0.000e+00, 0.000e+00, 0.000e+00,0.000e+00, 0.000e+00, 0.000e+00, 0.000e+00,0.000e+00, 14551838
0.000e+00, 0.000e+00, 0.000e+00, 0.000e+00, 0.000e+00,0.000e+00, 0.000e+00, 0.000e+00, 0.000e+00,0.000e+00, 14561927
0.000e+00, 0.000e+00, 0.000e+00, 0.000e+00, 0.000e+00,0.000e+00, 0.000e+00, 0.000e+00, 0.000e+00,0.000e+00, 14572028
0.000e+00, 0.000e+00, 0.000e+00, 0.000e+00, 0.000e+00,0.000e+00, 0.000e+00, 0.000e+00, 0.000e+00,0.000e+00, 14582118
0.000e+00, 0.000e+00, 0.000e+00, 0.000e+00, 0.000e+00,0.000e+00, 0.000e+00, 0.000e+00, 0.000e+00,0.000e+00, 14592207
0.000e+00, 0.000e+00, 0.000e+00, 0.000e+00, 0.000e+00,0.000e+00, 0.000e+00, 0.000e+00, 0.000e+00,0.000e+00, 14602296
0.000e+00, 0.000e+00, 0.000e+00, 0.000e+00, 0.000e+00,0.000e+00, 0.000e+00, 0.000e+00, 0.000e+00,0.000e+00, 14612386
0.000e+00, 0.000e+00, 0.000e+00, 0.000e+00, 0.000e+00,0.000e+00, 0.000e+00, 0.000e+00, 0.000e+00,0.000e+00, 14622476
0.000e+00, 0.000e+00, 0.000e+00, 0.000e+00, 0.000e+00,0.000e+00, 0.000e+00, 0.000e+00, 0.000e+00,0.000e+00, 14632565
0.000e+00, 0.000e+00, 0.000e+00, 0.000e+00, 0.000e+00,0.000e+00, 0.000e+00, 0.000e+00, 0.000e+00,0.000e+00, 14642654
0.000e+00, 0.000e+00, 0.000e+00, 0.000e+00, 0.000e+00,0.000e+00, 0.000e+00, 0.000e+00, 0.000e+00,0.000e+00, 14652745
0.000e+00, 0.000e+00, 0.000e+00, 0.000e+00, 0.000e+00,0.000e+00, 0.000e+00, 0.000e+00, 0.000e+00,0.000e+00, 14662835
0.000e+00, 0.000e+00, 0.000e+00, 0.000e+00, 0.000e+00,0.000e+00, 0.000e+00, 0.000e+00, 0.000e+00,0.000e+00, 14672925
0.000e+00, 0.000e+00, 0.000e+00, 0.000e+00, 0.000e+00,0.000e+00, 0.000e+00, 0.000e+00, 0.000e+00,0.000e+00, 14683026
0.000e+00, 0.000e+00, 0.000e+00, 0.000e+00, 0.000e+00,0.000e+00, 0.000e+00, 0.000e+00, 0.000e+00,0.000e+00, 14693115
0.000e+00, 0.000e+00, 0.000e+00, 0.000e+00, 0.000e+00,0.000e+00, 0.000e+00, 0.000e+00, 0.000e+00,0.000e+00, 14703206
0.000e+00, 0.000e+00, 0.000e+00, 0.000e+00, 0.000e+00,0.000e+00, 0.000e+00, 0.000e+00, 0.000e+00,0.000e+00, 14713294
0.000e+00, 0.000e+00, 0.000e+00, 0.000e+00, 0.000e+00,0.000e+00, 0.000e+00, 0.000e+00, 0.000e+00,0.000e+00, 14723384
0.000e+00, 0.000e+00, 0.000e+00, 0.000e+00, 0.000e+00,0.000e+00, 0.000e+00, 0.000e+00, 0.000e+00,0.000e+00, 14733474
0.000e+00, 0.000e+00, 0.000e+00, 0.000e+00, 0.000e+00,0.000e+00, 0.000e+00, 0.000e+00, 0.000e+00,0.000e+00, 14743562
0.000e+00, 0.000e+00, 0.000e+00, 0.000e+00, 0.000e+00,0.000e+00, 0.000e+00, 0.000e+00, 0.000e+00,0.000e+00, 14753652
0.000e+00, 0.000e+00, 0.000e+00, 0.000e+00, 0.000e+00,0.000e+00, 0.000e+00, 0.000e+00, 0.000e+00,0.000e+00, 14763744
0.000e+00, 0.000e+00, 0.000e+00, 0.000e+00, 0.000e+00,0.000e+00, 3.068e-03, 0.000e+00, 1.278e-01,0.000e+00, 14773890
0.000e+00, 0.000e+00, 0.000e+00, 0.000e+00, 0.000e+00,0.000e+00, 1.764e-02, 0.000e+00, 7.350e-01,0.000e+00, 14784040
0.000e+00, 0.000e+00, 0.000e+00, 0.000e+00, 0.000e+00,0.000e+00, 3.528e-02, 0.000e+00, 1.598e+00,0.000e+00, 14794173
0.000e+00, 0.000e+00, 0.000e+00, 0.000e+00, 0.000e+00,0.000e+00, 5.139e-02, 0.000e+00, 1.566e+00,0.000e+00, 14804310
0.000e+00, 0.000e+00, 0.000e+00, 0.000e+00, 0.000e+00,0.000e+00, 6.826e-02, 0.000e+00, 1.694e+00,0.000e+00, 14814446
0.000e+00, 0.000e+00, 0.000e+00, 0.000e+00, 0.000e+00,0.000e+00, 7.977e-02, 0.000e+00, 1.470e+00,0.000e+00, 14824580
0.000e+00, 0.000e+00, 0.000e+00, 0.000e+00, 0.000e+00,0.000e+00, 9.434e-02, 0.000e+00, 1.438e+00,0.000e+00, 14834714
0.000e+00, 0.000e+00, 0.000e+00, 0.000e+00, 0.000e+00,0.000e+00, 1.043e-01, 0.000e+00, 1.150e+00,0.000e+00, 14844850
0.000e+00, 0.000e+00, 0.000e+00, 0.000e+00, 0.000e+00,0.000e+00, 1.158e-01, 0.000e+00, 1.182e+00,0.000e+00, 14854985
0.000e+00, 0.000e+00, 0.000e+00, 0.000e+00, 0.000e+00,0.000e+00, 1.273e-01, 0.000e+00, 8.309e-01,0.000e+00, 14865131
0.000e+00, 0.000e+00, 0.000e+00, 0.000e+00, 0.000e+00,0.000e+00, 1.312e-01, 0.000e+00, 7.989e-01,0.000e+00, 14875271
0.000e+00, 0.000e+00, 0.000e+00, 0.000e+00, 0.000e+00,0.000e+00, 1.503e-01, 0.000e+00, 1.150e+00,0.000e+00, 14885409
0.000e+00, 0.000e+00, 0.000e+00, 0.000e+00, 0.000e+00,0.000e+00, 1.465e-01, 0.000e+00, 5.752e-01,0.000e+00, 14895543
0.000e+00, 0.000e+00, 0.000e+00, 0.000e+00, 0.000e+00,0.000e+00, 1.549e-01, 0.000e+00, 6.392e-01,0.000e+00, 14905677
0.000e+00, 0.000e+00, 0.000e+00, 0.000e+00, 0.000e+00,0.000e+00, 1.687e-01, 0.000e+00, 9.587e-01,0.000e+00, 14915814
0.000e+00, 0.000e+00, 0.000e+00, 0.000e+00, 0.000e+00,0.000e+00, 1.818e-01, 0.000e+00, 1.310e+00,0.000e+00, 14925948
0.000e+00, 0.000e+00, 0.000e+00, 0.000e+00, 0.000e+00,0.000e+00, 1.971e-01, 0.000e+00, 1.470e+00,0.000e+00, 14936093
0.000e+00, 0.000e+00, 0.000e+00, 0.000e+00, 0.000e+00,0.000e+00, 2.102e-01, 0.000e+00, 1.342e+00,0.000e+00, 14946228
0.000e+00, 0.000e+00, 0.000e+00, 0.000e+00, 0.000e+00,0.000e+00, 2.240e-01, 0.000e+00, 1.310e+00,0.000e+00, 14956361
0.000e+00, 0.000e+00, 0.000e+00, 0.000e+00, 0.000e+00,0.000e+00, 2.385e-01, 0.000e+00, 1.406e+00,0.000e+00, 14966493
0.000e+00, 0.000e+00, 0.000e+00, 0.000e+00, 0.000e+00,0.000e+00, 2.470e-01, 0.000e+00, 1.214e+00,0.000e+00, 14976627
0.000e+00, 0.000e+00, 0.000e+00, 0.000e+00, 0.000e+00,0.000e+00, 2.608e-01, 0.000e+00, 1.310e+00,0.000e+00, 14986761
0.000e+00, 0.000e+00, 0.000e+00, 0.000e+00, 0.000e+00,0.000e+00, 2.730e-01, 0.000e+00, 1.246e+00,0.000e+00, 14996895
0.000e+00, 0.000e+00, 0.000e+00, 0.000e+00, 0.000e+00,0.000e+00, 2.938e-01, 0.000e+00, 1.790e+00,0.000e+00, 15007040
0.000e+00, 0.000e+00, 0.000e+00, 0.000e+00, 0.000e+00,0.000e+00, 3.007e-01, 0.000e+00, 1.023e+00,0.000e+00, 15017172
0.000e+00, 0.000e+00, 0.000e+00, 0.000e+00, 0.000e+00,0.000e+00, 3.152e-01, 0.000e+00, 1.374e+00,0.000e+00, 15027307
0.000e+00, 0.000e+00, 0.000e+00, 0.000e+00, 0.000e+00,0.000e+00, 3.306e-01, 0.000e+00, 1.406e+00,0.000e+00, 15037441
0.000e+00, 0.000e+00, 0.000e+00, 0.000e+00, 0.000e+00,0.000e+00, 3.421e-01, 0.000e+00, 1.406e+00,0.000e+00, 15047574
0.000e+00, 0.000e+00, 0.000e+00, 0.000e+00, 0.000e+00,0.000e+00, 3.574e-01, 0.000e+00, 1.662e+00,0.000e+00, 15057707
0.000e+00, 0.000e+00, 0.000e+00, 0.000e+00, 0.000e+00,0.000e+00, 3.643e-01, 0.000e+00, 1.246e+00,0.000e+00, 15067841
0.000e+00, 0.000e+00, 0.000e+00, 0.000e+00, 0.000e+00,0.000e+00, 3.835e-01, 0.000e+00, 1.470e+00,0.000e+00, 15077974
0.000e+00, 0.000e+00, 0.000e+00, 0.000e+00, 0.000e+00,0.000e+00, 3.858e-01, 0.000e+00, 1.055e+00,0.000e+00, 15088117
0.000e+00, 0.000e+00, 0.000e+00, 0.000e+00, 0.000e+00,0.000e+00, 3.973e-01, 0.000e+00, 8.629e-01,0.000e+00, 15098251
0.000e+00, 0.000e+00, 0.000e+00, 0.000e+00, 0.000e+00,0.000e+00, 4.080e-01, 0.000e+00, 7.031e-01,0.000e+00, 15108385
0.000e+00, 0.000e+00, 0.000e+00, 0.000e+00, 0.000e+00,0.000e+00, 4.195e-01, 0.000e+00, 1.119e+00,0.000e+00, 15118519
0.000e+00, 0.000e+00, 0.000e+00, 0.000e+00, 0.000e+00,0.000e+00, 4.310e-01, 0.000e+00, 1.087e+00,0.000e+00, 15128649
0.000e+00, 0.000e+00, 0.000e+00, 0.000e+00, 0.000e+00,0.000e+00, 4.433e-01, 0.000e+00, 1.278e+00,0.000e+00, 15138784
0.000e+00, 0.000e+00, 0.000e+00, 0.000e+00, 0.000e+00,0.000e+00, 4.564e-01, 0.000e+00, 1.278e+00,0.000e+00, 15148919
0.000e+00, 0.000e+00, 0.000e+00, 0.000e+00, 0.000e+00,0.000e+00, 4.748e-01, 0.000e+00, 1.534e+00,0.000e+00, 15159063
0.000e+00, 0.000e+00, 0.000e+00, 0.000e+00, 0.000e+00,0.000e+00, 4.893e-01, 0.000e+00, 1.502e+00,0.000e+00, 15169198
0.000e+00, 0.000e+00, 0.000e+00, 0.000e+00, 0.000e+00,0.000e+00, 5.031e-01, 0.000e+00, 1.470e+00,0.000e+00, 15179332
0.000e+00, 0.000e+00, 0.000e+00, 0.000e+00, 0.000e+00,0.000e+00, 5.177e-01, 0.000e+00, 1.438e+00,0.000e+00, 15189469
0.000e+00, 0.000e+00, 0.000e+00, 0.000e+00, 0.000e+00,0.000e+00, 5.361e-01, 0.000e+00, 1.598e+00,0.000e+00, 15199603
0.000e+00, 0.000e+00, 0.000e+00, 0.000e+00, 0.000e+00,0.000e+00, 5.484e-01, 0.000e+00, 1.630e+00,0.000e+00, 15209736
0.000e+00, 0.000e+00, 0.000e+00, 0.000e+00, 0.000e+00,0.000e+00, 5.630e-01, 0.000e+00, 1.534e+00,0.000e+00, 15219870
0.000e+00, 0.000e+00, 0.000e+00, 0.000e+00, 0.000e+00,0.000e+00, 5.783e-01, 0.000e+00, 1.246e+00,0.000e+00, 15230017
0.000e+00, 0.000e+00, 0.000e+00, 0.000e+00, 0.000e+00,0.000e+00, 5.944e-01, 0.000e+00, 1.246e+00,0.000e+00, 15240152
0.000e+00, 0.000e+00, 0.000e+00, 0.000e+00, 0.000e+00,0.000e+00, 6.098e-01, 0.000e+00, 1.438e+00,0.000e+00, 15250282
0.000e+00, 0.000e+00, 0.000e+00, 0.000e+00, 0.000e+00,0.000e+00, 6.297e-01, 0.000e+00, 1.694e+00,0.000e+00, 15260417
0.000e+00, 0.000e+00, 0.000e+00, 0.000e+00, 0.000e+00,0.000e+00, 6.420e-01, 0.000e+00, 1.598e+00,0.000e+00, 15270548
0.000e+00, 0.000e+00, 0.000e+00, 0.000e+00, 0.000e+00,0.000e+00, 6.527e-01, 0.000e+00, 1.374e+00,0.000e+00, 15280683
0.000e+00, 0.000e+00, 0.000e+00, 0.000e+00, 0.000e+00,0.000e+00, 6.673e-01, 0.000e+00, 1.406e+00,0.000e+00, 15290817
0.000e+00, 0.000e+00, 0.000e+00, 0.000e+00, 0.000e+00,0.000e+00, 6.826e-01, 0.000e+00, 1.438e+00,0.000e+00, 15300951
0.000e+00, 0.000e+00, 0.000e+00, 0.000e+00, 0.000e+00,0.000e+00, 6.957e-01, 0.000e+00, 1.438e+00,0.000e+00, 15311099
0.000e+00, 0.000e+00, 0.000e+00, 0.000e+00, 0.000e+00,0.000e+00, 7.133e-01, 0.000e+00, 1.534e+00,0.000e+00, 15321232
0.000e+00, 0.000e+00, 0.000e+00, 0.000e+00, 0.000e+00,0.000e+00, 7.363e-01, 0.000e+00, 1.854e+00,0.000e+00, 15331364
0.000e+00, 0.000e+00, 0.000e+00, 0.000e+00, 0.000e+00,0.000e+00, 7.470e-01, 0.000e+00, 1.662e+00,0.000e+00, 15341497
0.000e+00, 0.000e+00, 0.000e+00, 0.000e+00, 0.000e+00,0.000e+00, 7.662e-01, 0.000e+00, 1.790e+00,0.000e+00, 15351629
0.000e+00, 0.000e+00, 0.000e+00, 0.000e+00, 0.000e+00,0.000e+00, 7.785e-01, 0.000e+00, 1.246e+00,0.000e+00, 15361762
0.000e+00, 0.000e+00, 0.000e+00, 0.000e+00, 0.000e+00,0.000e+00, 7.977e-01, 0.000e+00, 1.630e+00,0.000e+00, 15371892
0.000e+00, 0.000e+00, 0.000e+00, 0.000e+00, 0.000e+00,0.000e+00, 8.145e-01, 0.000e+00, 1.726e+00,0.000e+00, 15382040
0.000e+00, 0.000e+00, 0.000e+00, 0.000e+00, 0.000e+00,0.000e+00, 8.314e-01, 0.000e+00, 1.534e+00,0.000e+00, 15392176
0.000e+00, 0.000e+00, 0.000e+00, 0.000e+00, 0.000e+00,0.000e+00, 8.491e-01, 0.000e+00, 1.598e+00,0.000e+00, 15402306
0.000e+00, 0.000e+00, 0.000e+00, 0.000e+00, 0.000e+00,0.000e+00, 8.667e-01, 0.000e+00, 1.758e+00,0.000e+00, 15412437
0.000e+00, 0.000e+00, 0.000e+00, 0.000e+00, 0.000e+00,0.000e+00, 8.820e-01, 0.000e+00, 1.662e+00,0.000e+00, 15422570
0.000e+00, 0.000e+00, 0.000e+00, 0.000e+00, 0.000e+00,0.000e+00, 8.981e-01, 0.000e+00, 1.598e+00,0.000e+00, 15432706
0.000e+00, 0.000e+00, 0.000e+00, 0.000e+00, 0.000e+00,0.000e+00, 9.181e-01, 0.000e+00, 1.758e+00,0.000e+00, 15442836
0.000e+00, 0.000e+00, 0.000e+00, 0.000e+00, 0.000e+00,0.000e+00, 9.281e-01, 0.000e+00, 1.406e+00,0.000e+00, 15452968
0.000e+00, 0.000e+00, 0.000e+00, 0.000e+00, 0.000e+00,0.000e+00, 9.442e-01, 0.000e+00, 1.534e+00,0.000e+00, 15463113
0.000e+00, 0.000e+00, 0.000e+00, 0.000e+00, 0.000e+00,0.000e+00, 9.618e-01, 0.000e+00, 1.502e+00,0.000e+00, 15473247
0.000e+00, 0.000e+00, 0.000e+00, 0.000e+00, 0.000e+00,0.000e+00, 9.779e-01, 0.000e+00, 1.566e+00,0.000e+00, 15483380
0.000e+00, 0.000e+00, 0.000e+00, 0.000e+00, 0.000e+00,0.000e+00, 9.971e-01, 0.000e+00, 1.406e+00,0.000e+00, 15493510
0.000e+00, 0.000e+00, 0.000e+00, 0.000e+00, 0.000e+00,0.000e+00, 1.019e+00, 0.000e+00, 2.013e+00,0.000e+00, 15503643
0.000e+00, 0.000e+00, 0.000e+00, 0.000e+00, 0.000e+00,0.000e+00, 1.042e+00, 0.000e+00, 1.981e+00,0.000e+00, 15513777
0.000e+00, 0.000e+00, 0.000e+00, 0.000e+00, 0.000e+00,0.000e+00, 1.063e+00, 0.000e+00, 2.141e+00,0.000e+00, 15523909
0.000e+00, 0.000e+00, 0.000e+00, 0.000e+00, 0.000e+00,0.000e+00, 1.082e+00, 0.000e+00, 2.077e+00,0.000e+00, 15534057
0.000e+00, 0.000e+00, 0.000e+00, 0.000e+00, 0.000e+00,0.000e+00, 1.102e+00, 0.000e+00, 1.854e+00,0.000e+00, 15544189
0.000e+00, 0.000e+00, 0.000e+00, 0.000e+00, 0.000e+00,0.000e+00, 1.121e+00, 0.000e+00, 1.886e+00,0.000e+00, 15554318
0.000e+00, 0.000e+00, 0.000e+00, 0.000e+00, 0.000e+00,0.000e+00, 1.136e+00, 0.000e+00, 1.310e+00,0.000e+00, 15564450
0.000e+00, 0.000e+00, 0.000e+00, 0.000e+00, 0.000e+00,0.000e+00, 1.153e+00, 0.000e+00, 1.214e+00,0.000e+00, 15574584
0.000e+00, 0.000e+00, 0.000e+00, 0.000e+00, 0.000e+00,0.000e+00, 1.170e+00, 0.000e+00, 1.694e+00,0.000e+00, 15584718
0.000e+00, 0.000e+00, 0.000e+00, 0.000e+00, 0.000e+00,0.000e+00, 1.200e+00, 0.000e+00, 2.237e+00,0.000e+00, 15594850
0.000e+00, 0.000e+00, 0.000e+00, 0.000e+00, 0.000e+00,0.000e+00, 1.213e+00, 0.000e+00, 2.077e+00,0.000e+00, 15604981
0.000e+00, 0.000e+00, 0.000e+00, 0.000e+00, 0.000e+00,0.000e+00, 1.237e+00, 0.000e+00, 2.173e+00,0.000e+00, 15615126
0.000e+00, 0.000e+00, 0.000e+00, 0.000e+00, 0.000e+00,0.000e+00, 1.259e+00, 0.000e+00, 2.173e+00,0.000e+00, 15625257
0.000e+00, 0.000e+00, 0.000e+00, 0.000e+00, 0.000e+00,0.000e+00, 1.282e+00, 0.000e+00, 2.237e+00,0.000e+00, 15635390
0.000e+00, 0.000e+00, 0.000e+00, 0.000e+00, 0.000e+00,0.000e+00, 1.302e+00, 0.000e+00, 2.173e+00,0.000e+00, 15645522
0.000e+00, 0.000e+00, 0.000e+00, 0.000e+00, 0.000e+00,0.000e+00, 1.323e+00, 0.000e+00, 2.141e+00,0.000e+00, 15655657
0.000e+00, 0.000e+00, 0.000e+00, 0.000e+00, 0.000e+00,0.000e+00, 1.343e+00, 0.000e+00, 2.077e+00,0.000e+00, 15665791
0.000e+00, 0.000e+00, 0.000e+00, 0.000e+00, 0.000e+00,0.000e+00, 1.367e+00, 0.000e+00, 2.013e+00,0.000e+00, 15675923
0.000e+00, 0.000e+00, 0.000e+00, 0.000e+00, 0.000e+00,0.000e+00, 1.396e+00, 0.000e+00, 2.525e+00,0.000e+00, 15686067
0.000e+00, 0.000e+00, 0.000e+00, 0.000e+00, 0.000e+00,0.000e+00, 1.414e+00, 0.000e+00, 2.237e+00,0.000e+00, 15696201
0.000e+00, 0.000e+00, 0.000e+00, 0.000e+00, 0.000e+00,0.000e+00, 1.439e+00, 0.000e+00, 2.333e+00,0.000e+00, 15706331
0.000e+00, 0.000e+00, 0.000e+00, 0.000e+00, 0.000e+00,0.000e+00, 1.461e+00, 0.000e+00, 2.397e+00,0.000e+00, 15716463
0.000e+00, 0.000e+00, 0.000e+00, 0.000e+00, 0.000e+00,0.000e+00, 1.483e+00, 0.000e+00, 2.301e+00,0.000e+00, 15726597
0.000e+00, 0.000e+00, 0.000e+00, 0.000e+00, 0.000e+00,0.000e+00, 1.506e+00, 0.000e+00, 2.301e+00,0.000e+00, 15736728
0.000e+00, 0.000e+00, 0.000e+00, 0.000e+00, 0.000e+00,0.000e+00, 1.526e+00, 0.000e+00, 2.141e+00,0.000e+00, 15746861
0.000e+00, 0.000e+00, 0.000e+00, 0.000e+00, 0.000e+00,0.000e+00, 1.546e+00, 0.000e+00, 2.077e+00,0.000e+00, 15757007
0.000e+00, 1.571e+00, 0.000e+00, 1.854e+00, 0.000e+00,0.000e+00, 1.571e+00, 0.000e+00, 1.854e+00,0.000e+00, 15767169
0.000e+00, 1.594e+00, 0.000e+00, 2.269e+00, 0.000e+00,0.000e+00, 1.594e+00, 0.000e+00, 2.269e+00,0.000e+00, 15777336
0.000e+00, 1.621e+00, 0.000e+00, 2.557e+00, 0.000e+00,0.000e+00, 1.621e+00, 0.000e+00, 2.557e+00,0.000e+00, 15787500
0.000e+00, 1.649e+00, 0.000e+00, 2.716e+00, 0.000e+00,0.000e+00, 1.649e+00, 0.000e+00, 2.716e+00,0.000e+00, 15797668
0.000e+00, 1.675e+00, 0.000e+00, 2.716e+00, 0.000e+00,0.000e+00, 1.675e+00, 0.000e+00, 2.716e+00,0.000e+00, 15807836
0.000e+00, 1.705e+00, 0.000e+00, 2.876e+00, 0.000e+00,0.000e+00, 1.705e+00, 0.000e+00, 2.876e+00,0.000e+00, 15818016
0.000e+00, 1.735e+00, 0.000e+00, 2.812e+00, 0.000e+00,0.000e+00, 1.735e+00, 0.000e+00, 2.812e+00,0.000e+00, 15828180
0.000e+00, 1.771e+00, 0.000e+00, 3.100e+00, 0.000e+00,0.000e+00, 1.771e+00, 0.000e+00, 3.100e+00,0.000e+00, 15838347
0.000e+00, 1.788e+00, 0.000e+00, 2.716e+00, 0.000e+00,0.000e+00, 1.788e+00, 0.000e+00, 2.716e+00,0.000e+00, 15848513
0.000e+00, 1.815e+00, 0.000e+00, 2.621e+00, 0.000e+00,0.000e+00, 1.815e+00, 0.000e+00, 2.621e+00,0.000e+00, 15858679
0.000e+00, 1.843e+00, 0.000e+00, 2.716e+00, 0.000e+00,0.000e+00, 1.843e+00, 0.000e+00, 2.716e+00,0.000e+00, 15868849
0.000e+00, 1.870e+00, 0.000e+00, 2.684e+00, 0.000e+00,0.000e+00, 1.870e+00, 0.000e+00, 2.684e+00,0.000e+00, 15879026
0.000e+00, 1.901e+00, 0.000e+00, 2.716e+00, 0.000e+00,0.000e+00, 1.901e+00, 0.000e+00, 2.716e+00,0.000e+00, 15889191
0.000e+00, 1.929e+00, 0.000e+00, 2.780e+00, 0.000e+00,0.000e+00, 1.929e+00, 0.000e+00, 2.780e+00,0.000e+00, 15899361
0.000e+00, 1.957e+00, 0.000e+00, 2.844e+00, 0.000e+00,0.000e+00, 1.957e+00, 0.000e+00, 2.844e+00,0.000e+00, 15909531
0.000e+00, 1.989e+00, 0.000e+00, 2.876e+00, 0.000e+00,0.000e+00, 1.989e+00, 0.000e+00, 2.876e+00,0.000e+00, 15919696
0.000e+00, 2.016e+00, 0.000e+00, 2.621e+00, 0.000e+00,0.000e+00, 2.016e+00, 0.000e+00, 2.621e+00,0.000e+00, 15929861
0.000e+00, 2.042e+00, 0.000e+00, 2.812e+00, 0.000e+00,0.000e+00, 2.042e+00, 0.000e+00, 2.812e+00,0.000e+00, 15940045
0.000e+00, 2.072e+00, 0.000e+00, 2.621e+00, 0.000e+00,0.000e+00, 2.072e+00, 0.000e+00, 2.621e+00,0.000e+00, 15950208
0.000e+00, 2.098e+00, 0.000e+00, 2.589e+00, 0.000e+00,0.000e+00, 2.098e+00, 0.000e+00, 2.589e+00,0.000e+00, 15960370
0.000e+00, 2.122e+00, 0.000e+00, 2.684e+00, 0.000e+00,0.000e+00, 2.122e+00, 0.000e+00, 2.684e+00,0.000e+00, 15970539
0.000e+00, 2.150e+00, 0.000e+00, 2.589e+00, 0.000e+00,0.000e+00, 2.150e+00, 0.000e+00, 2.589e+00,0.000e+00, 15980707
0.000e+00, 2.177e+00, 0.000e+00, 2.684e+00, 0.000e+00,0.000e+00, 2.177e+00, 0.000e+00, 2.684e+00,0.000e+00, 15990879
0.000e+00, 2.205e+00, 0.000e+00, 2.716e+00, 0.000e+00,0.000e+00, 2.205e+00, 0.000e+00, 2.716e+00,0.000e+00, 16001064
0.000e+00, 2.237e+00, 0.000e+00, 2.844e+00, 0.000e+00,0.000e+00, 2.237e+00, 0.000e+00, 2.844e+00,0.000e+00, 16011231
0.000e+00, 2.262e+00, 0.000e+00, 2.716e+00, 0.000e+00,0.000e+00, 2.262e+00, 0.000e+00, 2.716e+00,0.000e+00, 16021397
0.000e+00, 2.289e+00, 0.000e+00, 2.589e+00, 0.000e+00,0.000e+00, 2.289e+00, 0.000e+00, 2.589e+00,0.000e+00, 16031562
0.000e+00, 2.315e+00, 0.000e+00, 2.525e+00, 0.000e+00,0.000e+00, 2.315e+00, 0.000e+00, 2.525e+00,0.000e+00, 16041727
0.000e+00, 2.337e+00, 0.000e+00, 2.429e+00, 0.000e+00,0.000e+00, 2.337e+00, 0.000e+00, 2.429e+00,0.000e+00, 16051894
6.914e-05, 2.366e+00, -2.008e-01, 2.577e+00, 3.000e+00,3.848e-03, 2.373e+00, 1.604e-01, 2.908e+00,1.200e+01, 16062184
8.825e-02, 2.395e+00, 3.332e+00, 2.649e+00, 3.000e+00,9.621e-02, 2.401e+00, 4.009e+00, 2.908e+00,1.200e+01, 16072448
9.624e-02, 2.489e+00, 3.553e+00, 4.950e+00, 3.000e+00,9.236e-02, 2.494e+00, 3.848e+00, 5.689e+00,1.200e+01, 16082718
1.945e-01, 2.604e+00, 5.489e+00, 8.864e+00, 3.000e+00,2.040e-01, 2.609e+00, 6.093e+00, 9.300e+00,7.789e+00, 16092979
3.119e-01, 2.739e+00, 6.788e+00, 1.032e+01, 3.000e+00,3.117e-01, 2.740e+00, 9.140e+00, 1.211e+01,-1.200e+01, 16103274
3.985e-01, 2.856e+00, 9.354e+00, 1.145e+01, -3.000e+00,4.002e-01, 2.852e+00, 9.942e+00, 1.166e+01,1.200e+01, 16113547
4.616e-01, 2.836e+00, 7.119e+00, 5.716e+00, 3.000e+00,4.657e-01, 2.826e+00, 7.536e+00, 5.209e+00,1.200e+01, 16123816
5.664e-01, 2.820e+00, 8.103e+00, 5.542e-02, 3.000e+00,5.734e-01, 2.815e+00, 8.499e+00, -4.474e-01,1.200e+01, 16134105
7.874e-01, 2.808e+00, 1.363e+01, -1.215e+00, 3.000e+00,7.928e-01, 2.806e+00, 1.427e+01, -1.087e+00,1.200e+01, 16144377
9.570e-01, 2.899e+00, 1.766e+01, 2.995e+00, 3.000e+00,9.506e-01, 2.905e+00, 1.780e+01, 3.515e+00,1.200e+01, 16154651
1.126e+00, 3.016e+00, 1.698e+01, 7.918e+00, 3.000e+00,1.128e+00, 3.020e+00, 1.732e+01, 8.565e+00,1.200e+01, 16164926
1.330e+00, 3.109e+00, 1.753e+01, 1.019e+01, 3.000e+00,1.312e+00, 3.107e+00, 1.748e+01, 1.067e+01,1.200e+01, 16175226
1.447e+00, 3.212e+00, 1.528e+01, 8.697e+00, 3.000e+00,1.435e+00, 3.203e+00, 1.523e+01, 8.725e+00,1.200e+01, 16185498
1.455e+00, 3.300e+00, 6.365e+00, 7.423e+00, -3.000e+00,1.462e+00, 3.306e+00, 8.018e+00, 9.460e+00,-1.200e+01, 16195765
1.522e+00, 3.399e+00, 4.393e+00, 7.574e+00, -3.000e+00,1.516e+00, 3.389e+00, 5.452e+00, 9.076e+00,-1.200e+01, 16206051
1.507e+00, 3.281e+00, 1.403e+00, -4.785e-01, 0.000e+00,1.501e+00, 3.265e+00, 2.886e+00, -3.196e-01,0.000e+00, 16216286
1.501e+00, 3.083e+00, -3.339e-01, -1.151e+01, 3.000e+00,1.512e+00, 3.067e+00, 0.000e+00, -1.301e+01,1.200e+01, 16226553
1.625e+00, 2.881e+00, 4.760e+00, -1.776e+01, 3.000e+00,1.636e+00, 2.876e+00, 5.131e+00, -1.866e+01,1.200e+01, 16236834
1.754e+00, 2.803e+00, 1.048e+01, -1.436e+01, 3.000e+00,1.751e+00, 2.818e+00, 1.058e+01, -1.400e+01,1.200e+01, 16247139
1.890e+00, 2.868e+00, 1.222e+01, -3.437e+00, 3.000e+00,1.893e+00, 2.871e+00, 1.251e+01, -2.525e+00,1.200e+01, 16257419
2.049e+00, 2.951e+00, 1.323e+01, 4.973e+00, 3.000e+00,2.051e+00, 2.960e+00, 1.379e+01, 5.880e+00,1.200e+01, 16267690
2.093e+00, 3.027e+00, 1.023e+01, 7.108e+00, 2.794e+00,2.105e+00, 3.028e+00, 1.122e+01, 7.670e+00,1.200e+01, 16277966
2.315e+00, 3.065e+00, 1.332e+01, 5.905e+00, 3.000e+00,2.324e+00, 3.065e+00, 1.411e+01, 6.072e+00,1.200e+01, 16288254
2.591e+00, 3.084e+00, 2.000e+01, 3.269e+00, 3.000e+00,2.598e+00, 3.073e+00, 2.165e+01, 2.653e+00,1.200e+01, 16298523
2.853e+00, 3.105e+00, 2.455e+01, 1.954e+00, 3.000e+00,2.856e+00, 3.102e+00, 2.501e+01, 2.045e+00,1.200e+01, 16308797
3.104e+00, 3.148e+00, 2.499e+01, 2.937e+00, 3.000e+00,3.083e+00, 3.152e+00, 2.453e+01, 3.036e+00,1.200e+01, 16319089
3.128e+00, 3.227e+00, 1.458e+01, 5.003e+00, 3.000e+00,3.136e+00, 3.220e+00, 1.491e+01, 5.145e+00,1.200e+01, 16329363
3.374e+00, 3.283e+00, 1.389e+01, 5.946e+00, 3.000e+00,3.387e+00, 3.284e+00, 1.443e+01, 6.360e+00,1.200e+01, 16339634
3.628e+00, 3.343e+00, 2.146e+01, 5.503e+00, 3.000e+00,3.633e+00, 3.337e+00, 2.293e+01, 5.625e+00,1.200e+01, 16349909
3.901e+00, 3.417e+00, 2.512e+01, 6.246e+00, 3.000e+00,3.902e+00, 3.418e+00, 2.582e+01, 6.615e+00,1.200e+01, 16360204
4.210e+00, 3.546e+00, 2.676e+01, 8.917e+00, 3.000e+00,4.210e+00, 3.548e+00, 2.742e+01, 9.012e+00,1.200e+01, 16370483
4.496e+00, 3.692e+00, 2.728e+01, 1.161e+01, 3.000e+00,4.495e+00, 3.696e+00, 2.806e+01, 1.266e+01,1.200e+01, 16380769
4.656e+00, 3.847e+00, 2.117e+01, 1.250e+01, -3.000e+00,4.649e+00, 3.853e+00, 2.293e+01, 1.483e+01,-1.200e+01, 16391074
4.749e+00, 3.993e+00, 1.411e+01, 1.416e+01, -3.000e+00,4.749e+00, 3.993e+00, 1.411e+01, 1.416e+01,0.000e+00, 16401332
4.807e+00, 4.053e+00, 8.980e+00, 1.042e+01, -3.000e+00,4.807e+00, 4.053e+00, 8.980e+00, 1.042e+01,0.000e+00, 16411582
4.849e+00, 4.117e+00, 5.292e+00, 6.264e+00, -3.000e+00,4.849e+00, 4.117e+00, 5.292e+00, 6.264e+00,0.000e+00, 16421824
4.899e+00, 4.129e+00, 4.811e+00, 4.634e+00, -3.000e+00,4.899e+00, 4.129e+00, 4.811e+00, 4.634e+00,0.000e+00, 16432078
4.918e+00, 4.135e+00, 3.528e+00, 1.662e+00, -3.000e+00,4.918e+00, 4.135e+00, 3.528e+00, 1.662e+00,0.000e+00, 16442317
4.941e+00, 4.136e+00, 2.405e+00, 2.237e-01, -3.000e+00,4.941e+00, 4.136e+00, 2.405e+00, 2.237e-01,0.000e+00, 16452562
4.934e+00, 4.189e+00, 1.122e+00, 2.397e+00, -3.000e+00,4.934e+00, 4.189e+00, 1.122e+00, 2.397e+00,0.000e+00, 16462812
4.938e+00, 4.241e+00, 3.207e-01, 4.346e+00, -3.000e+00,4.938e+00, 4.241e+00, 3.207e-01, 4.346e+00,0.000e+00, 16473069
4.941e+00, 4.303e+00, 1.604e-01, 5.880e+00, -3.000e+00,4.941e+00, 4.303e+00, 1.604e-01, 5.880e+00,0.000e+00, 16483309
4.938e+00, 4.353e+00, 1.604e-01, 4.985e+00, -3.000e+00,4.938e+00, 4.353e+00, 1.604e-01, 4.985e+00,0.000e+00, 16493551
4.941e+00, 4.434e+00, 0.000e+00, 6.392e+00, -3.000e+00,4.941e+00, 4.434e+00, 0.000e+00, 6.392e+00,0.000e+00, 16503768
4.941e+00, 4.524e+00, 1.604e-01, 8.021e+00, -3.000e+00,4.941e+00, 4.524e+00, 1.604e-01, 8.021e+00,0.000e+00, 16514028
4.941e+00, 4.611e+00, 0.000e+00, 8.469e+00, -3.000e+00,4.941e+00, 4.611e+00, 0.000e+00, 8.469e+00,0.000e+00, 16524241
4.941e+00, 4.705e+00, 0.000e+00, 8.469e+00, -3.000e+00,4.941e+00, 4.705e+00, 0.000e+00, 8.469e+00,0.000e+00, 16534457
4.941e+00, 4.709e+00, 0.000e+00, 8.245e+00, -3.000e+00,4.941e+00, 4.802e+00, 0.000e+00, 9.268e+00,0.000e+00, 16544670
4.941e+00, 4.709e+00, 0.000e+00, 8.245e+00, -3.000e+00,4.941e+00, 4.902e+00, 0.000e+00, 9.779e+00,0.000e+00, 16554885
4.941e+00, 4.709e+00, 0.000e+00, 8.245e+00, -3.000e+00,4.941e+00, 5.016e+00, 0.000e+00, 1.039e+01,0.000e+00, 16565116
4.941e+00, 4.709e+00, 0.000e+00, 8.245e+00, -3.000e+00,4.941e+00, 5.158e+00, 0.000e+00, 1.208e+01,0.000e+00, 16575334
4.941e+00, 4.709e+00, 0.000e+00, 8.245e+00, -3.000e+00,4.938e+00, 5.276e+00, -1.604e-01, 1.243e+01,0.000e+00, 16585567
4.941e+00, 4.709e+00, 0.000e+00, 8.245e+00, -3.000e+00,4.938e+00, 5.407e+00, -1.604e-01, 1.278e+01,0.000e+00, 16595806
4.941e+00, 4.709e+00, 0.000e+00, 8.245e+00, -3.000e+00,4.938e+00, 5.536e+00, -1.604e-01, 1.291e+01,0.000e+00, 16606061
4.941e+00, 4.709e+00, 0.000e+00, 8.245e+00, -3.000e+00,4.938e+00, 5.674e+00, 0.000e+00, 1.272e+01,0.000e+00, 16616275
4.941e+00, 4.709e+00, 0.000e+00, 8.245e+00, -3.000e+00,4.938e+00, 5.802e+00, 0.000e+00, 1.282e+01,0.000e+00, 16626494
4.941e+00, 4.709e+00, 0.000e+00, 8.245e+00, -3.000e+00,4.938e+00, 5.940e+00, 0.000e+00, 1.323e+01,0.000e+00, 16636713
4.941e+00, 4.709e+00, 0.000e+00, 8.245e+00, -3.000e+00,4.938e+00, 6.072e+00, 0.000e+00, 1.339e+01,0.000e+00, 16646931
4.941e+00, 4.709e+00, 0.000e+00, 8.245e+00, -3.000e+00,4.938e+00, 6.212e+00, 0.000e+00, 1.368e+01,0.000e+00, 16657165
4.941e+00, 4.709e+00, 0.000e+00, 8.245e+00, -3.000e+00,4.938e+00, 6.368e+00, 0.000e+00, 1.393e+01,0.000e+00, 16667392
4.941e+00, 4.709e+00, 0.000e+00, 8.245e+00, -3.000e+00,4.938e+00, 6.502e+00, 0.000e+00, 1.361e+01,0.000e+00, 16677617
4.941e+00, 4.709e+00, 0.000e+00, 8.245e+00, -3.000e+00,4.938e+00, 6.639e+00, 0.000e+00, 1.381e+01,0.000e+00, 16687836
4.941e+00, 4.709e+00, 0.000e+00, 8.245e+00, -3.000e+00,4.938e+00, 6.773e+00, 0.000e+00, 1.352e+01,0.000e+00, 16698069
4.941e+00, 4.709e+00, 0.000e+00, 8.245e+00, -3.000e+00,4.938e+00, 6.909e+00, 0.000e+00, 1.282e+01,0.000e+00, 16708288
4.941e+00, 4.709e+00, 0.000e+00, 8.245e+00, -3.000e+00,4.938e+00, 7.022e+00, 0.000e+00, 1.202e+01,0.000e+00, 16718509
4.941e+00, 4.709e+00, 0.000e+00, 8.245e+00, -3.000e+00,4.938e+00, 7.131e+00, 0.000e+00, 1.122e+01,0.000e+00, 16728726
4.941e+00, 4.709e+00, 0.000e+00, 8.245e+00, -3.000e+00,4.941e+00, 7.233e+00, 1.604e-01, 1.026e+01,0.000e+00, 16738963
4.941e+00, 4.709e+00, 0.000e+00, 8.245e+00, -3.000e+00,4.941e+00, 7.338e+00, 1.604e-01, 1.019e+01,0.000e+00, 16749209
4.941e+00, 4.709e+00, 0.000e+00, 8.245e+00, -3.000e+00,4.941e+00, 7.437e+00, 0.000e+00, 9.683e+00,0.000e+00, 16759425
4.941e+00, 4.709e+00, 0.000e+00, 8.245e+00, -3.000e+00,4.941e+00, 7.521e+00, 0.000e+00, 8.788e+00,0.000e+00, 16769644
4.941e+00, 4.709e+00, 0.000e+00, 8.245e+00, -3.000e+00,4.941e+00, 7.596e+00, 0.000e+00, 8.117e+00,0.000e+00, 16779858
4.941e+00, 4.709e+00, 0.000e+00, 8.245e+00, -3.000e+00,4.941e+00, 7.663e+00, 0.000e+00, 7.286e+00,0.000e+00, 16790089
4.941e+00, 4.709e+00, 0.000e+00, 8.245e+00, -3.000e+00,4.941e+00, 7.730e+00, 0.000e+00, 6.264e+00,0.000e+00, 16800299
4.941e+00, 4.709e+00, 0.000e+00, 8.245e+00, -3.000e+00,4.941e+00, 7.785e+00, 0.000e+00, 5.529e+00,0.000e+00, 16810515
4.941e+00, 4.709e+00, 0.000e+00, 8.245e+00, -3.000e+00,4.941e+00, 7.816e+00, 0.000e+00, 4.250e+00,0.000e+00, 16820726
4.941e+00, 4.709e+00, 0.000e+00, 8.245e+00, -3.000e+00,4.941e+00, 7.847e+00, 0.000e+00, 3.675e+00,0.000e+00, 16830940
4.941e+00, 4.709e+00, 0.000e+00, 8.245e+00, -3.000e+00,4.941e+00, 7.872e+00, 0.000e+00, 2.940e+00,0.000e+00, 16841165
4.941e+00, 4.709e+00, 0.000e+00, 8.245e+00, -3.000e+00,4.941e+00, 7.886e+00, 0.000e+00, 2.013e+00,0.000e+00, 16851379
4.941e+00, 4.709e+00, 0.000e+00, 8.245e+00, -3.000e+00,4.941e+00, 7.892e+00, 0.000e+00, 1.150e+00,0.000e+00, 16861592
4.941e+00, 4.709e+00, 0.000e+00, 8.245e+00, -3.000e+00,4.941e+00, 7.890e+00, 0.000e+00, 3.515e-01,0.000e+00, 16871809
4.941e+00, 4.709e+00, 0.000e+00, 8.245e+00, -3.000e+00,4.941e+00, 7.879e+00, 0.000e+00, -5.113e-01,0.000e+00, 16882039
4.941e+00, 4.709e+00, 0.000e+00, 8.245e+00, -3.000e+00,4.941e+00, 7.858e+00, 0.000e+00, -1.438e+00,0.000e+00, 16892253
4.941e+00, 4.709e+00, 0.000e+00, 8.245e+00, -3.000e+00,4.941e+00, 7.831e+00, 0.000e+00, -2.173e+00,0.000e+00, 16902467
4.941e+00, 4.709e+00, 0.000e+00, 8.245e+00, -3.000e+00,4.941e+00, 7.796e+00, 0.000e+00, -3.196e+00,0.000e+00, 16912680
4.941e+00, 4.709e+00, 0.000e+00, 8.245e+00, -3.000e+00,4.941e+00, 7.754e+00, 0.000e+00, -3.707e+00,0.000e+00, 16922896
4.941e+00, 4.709e+00, 0.000e+00, 8.245e+00, -3.000e+00,4.941e+00, 7.701e+00, 0.000e+00, -4.474e+00,0.000e+00, 16933127
4.941e+00, 4.709e+00, 0.000e+00, 8.245e+00, -3.000e+00,4.941e+00, 7.635e+00, 0.000e+00, -5.497e+00,0.000e+00, 16943344
4.941e+00, 4.709e+00, 0.000e+00, 8.245e+00, -3.000e+00,4.941e+00, 7.567e+00, 0.000e+00, -6.232e+00,0.000e+00, 16953561
4.941e+00, 4.709e+00, 0.000e+00, 8.245e+00, -3.000e+00,4.941e+00, 7.492e+00, 0.000e+00, -6.807e+00,0.000e+00, 16963782
4.941e+00, 4.709e+00, 0.000e+00, 8.245e+00, -3.000e+00,4.941e+00, 7.406e+00, 0.000e+00, -7.926e+00,0.000e+00, 16974009
4.941e+00, 4.709e+00, 0.000e+00, 8.245e+00, -3.000e+00,4.941e+00, 7.312e+00, 0.000e+00, -8.373e+00,0.000e+00, 16984226
4.941e+00, 4.709e+00, 0.000e+00, 8.245e+00, -3.000e+00,4.941e+00, 7.210e+00, 0.000e+00, -9.204e+00,0.000e+00, 16994442
4.941e+00, 4.709e+00, 0.000e+00, 8.245e+00, -3.000e+00,4.941e+00, 7.112e+00, 0.000e+00, -9.683e+00,0.000e+00, 17004655
4.941e+00, 4.709e+00, 0.000e+00, 8.245e+00, -3.000e+00,4.941e+00, 7.002e+00, 0.000e+00, -1.019e+01,0.000e+00, 17014886
4.941e+00, 4.709e+00, 0.000e+00, 8.245e+00, -3.000e+00,4.941e+00, 6.894e+00, 0.000e+00, -1.048e+01,0.000e+00, 17025124
4.941e+00, 4.709e+00, 0.000e+00, 8.245e+00, -3.000e+00,4.941e+00, 6.775e+00, 0.000e+00, -1.103e+01,0.000e+00, 17035349
4.941e+00, 4.709e+00, 0.000e+00, 8.245e+00, -3.000e+00,4.941e+00, 6.640e+00, 0.000e+00, -1.211e+01,0.000e+00, 17045568
4.941e+00, 4.709e+00, 0.000e+00, 8.245e+00, -3.000e+00,4.941e+00, 6.524e+00, 0.000e+00, -1.250e+01,0.000e+00, 17055791
4.941e+00, 4.709e+00, 0.000e+00, 8.245e+00, -3.000e+00,4.941e+00, 6.403e+00, 0.000e+00, -1.237e+01,0.000e+00, 17066022
4.941e+00, 4.709e+00, 0.000e+00, 8.245e+00, -3.000e+00,4.941e+00, 6.272e+00, 0.000e+00, -1.234e+01,0.000e+00, 17076243
4.941e+00, 4.709e+00, 0.000e+00, 8.245e+00, -3.000e+00,4.941e+00, 6.154e+00, 0.000e+00, -1.205e+01,0.000e+00, 17086467
4.941e+00, 4.709e+00, 0.000e+00, 8.245e+00, -3.000e+00,4.941e+00, 6.039e+00, 0.000e+00, -1.170e+01,0.000e+00, 17096687
4.941e+00, 4.709e+00, 0.000e+00, 8.245e+00, -3.000e+00,4.941e+00, 5.916e+00, 0.000e+00, -1.192e+01,0.000e+00, 17106914
4.941e+00, 4.709e+00, 0.000e+00, 8.245e+00, -3.000e+00,4.941e+00, 5.819e+00, 0.000e+00, -1.109e+01,0.000e+00, 17117148
4.941e+00, 4.709e+00, 0.000e+00, 8.245e+00, -3.000e+00,4.941e+00, 5.704e+00, 0.000e+00, -1.045e+01,0.000e+00, 17127367
4.941e+00, 4.709e+00, 0.000e+00, 8.245e+00, -3.000e+00,4.941e+00, 5.606e+00, 0.000e+00, -9.875e+00,0.000e+00, 17137582
4.941e+00, 4.709e+00, 0.000e+00, 8.245e+00, -3.000e+00,4.941e+00, 5.520e+00, 0.000e+00, -9.236e+00,0.000e+00, 17147795
4.941e+00, 4.709e+00, 0.000e+00, 8.245e+00, -3.000e+00,4.938e+00, 5.428e+00, -1.604e-01, -9.012e+00,0.000e+00, 17158041
4.941e+00, 4.709e+00, 0.000e+00, 8.245e+00, -3.000e+00,4.938e+00, 5.333e+00, -1.604e-01, -8.852e+00,0.000e+00, 17168271
4.941e+00, 4.709e+00, 0.000e+00, 8.245e+00, -3.000e+00,4.938e+00, 5.250e+00, 0.000e+00, -8.948e+00,0.000e+00, 17178485
4.941e+00, 4.709e+00, 0.000e+00, 8.245e+00, -3.000e+00,4.938e+00, 5.173e+00, 0.000e+00, -8.085e+00,0.000e+00, 17188697
4.941e+00, 4.709e+00, 0.000e+00, 8.245e+00, -3.000e+00,4.938e+00, 5.113e+00, 0.000e+00, -6.935e+00,0.000e+00, 17198910
4.941e+00, 4.709e+00, 0.000e+00, 8.245e+00, -3.000e+00,4.938e+00, 5.056e+00, 0.000e+00, -6.200e+00,0.000e+00, 17209140
4.941e+00, 4.709e+00, 0.000e+00, 8.245e+00, -3.000e+00,4.938e+00, 5.000e+00, 0.000e+00, -5.561e+00,0.000e+00, 17219354
4.941e+00, 4.709e+00, 0.000e+00, 8.245e+00, -3.000e+00,4.938e+00, 4.964e+00, 0.000e+00, -4.410e+00,0.000e+00, 17229567
4.941e+00, 4.709e+00, 0.000e+00, 8.245e+00, -3.000e+00,4.938e+00, 4.929e+00, 0.000e+00, -3.771e+00,0.000e+00, 17239782
4.941e+00, 4.709e+00, 0.000e+00, 8.245e+00, -3.000e+00,4.938e+00, 4.910e+00, 0.000e+00, -2.940e+00,0.000e+00, 17250010
4.941e+00, 4.709e+00, 0.000e+00, 8.245e+00, -3.000e+00,4.938e+00, 4.895e+00, 0.000e+00, -1.917e+00,0.000e+00, 17260221
4.941e+00, 4.709e+00, 0.000e+00, 8.245e+00, -3.000e+00,4.938e+00, 4.891e+00, 0.000e+00, -1.055e+00,0.000e+00, 17270433
4.941e+00, 4.709e+00, 0.000e+00, 8.245e+00, -3.000e+00,4.938e+00, 4.892e+00, 0.000e+00, -2.557e-01,0.000e+00, 17280645
4.941e+00, 4.709e+00, 0.000e+00, 8.245e+00, -3.000e+00,4.938e+00, 4.901e+00, 0.000e+00, 4.154e-01,0.000e+00, 17290859
4.941e+00, 4.709e+00, 0.000e+00, 8.245e+00, -3.000e+00,4.938e+00, 4.920e+00, 0.000e+00, 1.278e+00,0.000e+00, 17301084
4.941e+00, 4.709e+00, 0.000e+00, 8.245e+00, -3.000e+00,4.938e+00, 4.958e+00, 0.000e+00, 2.525e+00,0.000e+00, 17311295
4.941e+00, 4.709e+00, 0.000e+00, 8.245e+00, -3.000e+00,4.938e+00, 4.985e+00, 0.000e+00, 2.940e+00,0.000e+00, 17321504
4.941e+00, 4.709e+00, 0.000e+00, 8.245e+00, -3.000e+00,4.938e+00, 5.027e+00, 0.000e+00, 3.675e+00,0.000e+00, 17331720
4.941e+00, 4.709e+00, 0.000e+00, 8.245e+00, -3.000e+00,4.938e+00, 5.077e+00, 0.000e+00, 4.282e+00,0.000e+00, 17341930
4.941e+00, 4.709e+00, 0.000e+00, 8.245e+00, -3.000e+00,4.938e+00, 5.137e+00, 0.000e+00, 5.337e+00,0.000e+00, 17352155
4.941e+00, 4.709e+00, 0.000e+00, 8.245e+00, -3.000e+00,4.938e+00, 5.209e+00, 0.000e+00, 6.104e+00,0.000e+00, 17362364
4.941e+00, 4.709e+00, 0.000e+00, 8.245e+00, -3.000e+00,4.938e+00, 5.283e+00, 0.000e+00, 6.551e+00,0.000e+00, 17372580
4.941e+00, 4.709e+00, 0.000e+00, 8.245e+00, -3.000e+00,4.938e+00, 5.361e+00, 0.000e+00, 7.382e+00,0.000e+00, 17382796
4.941e+00, 4.709e+00, 0.000e+00, 8.245e+00, -3.000e+00,4.938e+00, 5.445e+00, 0.000e+00, 8.021e+00,0.000e+00, 17393021
4.941e+00, 4.709e+00, 0.000e+00, 8.245e+00, -3.000e+00,4.938e+00, 5.540e+00, 0.000e+00, 8.469e+00,0.000e+00, 17403233
4.941e+00, 4.709e+00, 0.000e+00, 8.245e+00, -3.000e+00,4.938e+00, 5.640e+00, 0.000e+00, 9.236e+00,0.000e+00, 17413445
4.941e+00, 4.709e+00, 0.000e+00, 8.245e+00, -3.000e+00,4.938e+00, 5.733e+00, 0.000e+00, 9.396e+00,0.000e+00, 17423657
4.941e+00, 4.709e+00, 0.000e+00, 8.245e+00, -3.000e+00,4.938e+00, 5.841e+00, 0.000e+00, 1.016e+01,0.000e+00, 17433876
4.941e+00, 4.709e+00, 0.000e+00, 8.245e+00, -3.000e+00,4.938e+00, 5.942e+00, 0.000e+00, 1.019e+01,0.000e+00, 17444108
4.941e+00, 4.709e+00, 0.000e+00, 8.245e+00, -3.000e+00,4.938e+00, 6.064e+00, 0.000e+00, 1.083e+01,0.000e+00, 17454329
4.941e+00, 4.709e+00, 0.000e+00, 8.245e+00, -3.000e+00,4.938e+00, 6.176e+00, 0.000e+00, 1.125e+01,0.000e+00, 17464547
4.941e+00, 4.709e+00, 0.000e+00, 8.245e+00, -3.000e+00,4.938e+00, 6.279e+00, 0.000e+00, 1.083e+01,0.000e+00, 17474768
4.941e+00, 4.709e+00, 0.000e+00, 8.245e+00, -3.000e+00,4.938e+00, 6.387e+00, 0.000e+00, 1.087e+01,0.000e+00, 17484999
4.941e+00, 4.709e+00, 0.000e+00, 8.245e+00, -3.000e+00,4.938e+00, 6.494e+00, 0.000e+00, 1.042e+01,0.000e+00, 17495215
4.941e+00, 4.709e+00, 0.000e+00, 8.245e+00, -3.000e+00,4.938e+00, 6.598e+00, 0.000e+00, 1.003e+01,0.000e+00, 17505430
4.941e+00, 4.709e+00, 0.000e+00, 8.245e+00, -3.000e+00,4.938e+00, 6.703e+00, 0.000e+00, 1.032e+01,0.000e+00, 17515647
4.941e+00, 4.709e+00, 0.000e+00, 8.245e+00, -3.000e+00,4.938e+00, 6.800e+00, 0.000e+00, 1.026e+01,0.000e+00, 17525864
4.941e+00, 4.709e+00, 0.000e+00, 8.245e+00, -3.000e+00,4.938e+00, 6.881e+00, 0.000e+00, 9.172e+00,0.000e+00, 17536091
4.941e+00, 4.709e+00, 0.000e+00, 8.245e+00, -3.000e+00,4.938e+00, 6.969e+00, 0.000e+00, 8.469e+00,0.000e+00, 17546302
4.941e+00, 4.709e+00, 0.000e+00, 8.245e+00, -3.000e+00,4.938e+00, 7.043e+00, 0.000e+00, 7.958e+00,0.000e+00, 17556517
4.941e+00, 4.709e+00, 0.000e+00, 8.245e+00, -3.000e+00,4.938e+00, 7.106e+00, 0.000e+00, 6.967e+00,0.000e+00, 17566727
4.941e+00, 4.709e+00, 0.000e+00, 8.245e+00, -3.000e+00,4.938e+00, 7.173e+00, 0.000e+00, 6.679e+00,0.000e+00, 17576940
4.941e+00, 4.709e+00, 0.000e+00, 8.245e+00, -3.000e+00,4.938e+00, 7.219e+00, 0.000e+00, 5.561e+00,0.000e+00, 17587164
4.941e+00, 4.709e+00, 0.000e+00, 8.245e+00, -3.000e+00,4.938e+00, 7.270e+00, 0.000e+00, 4.794e+00,0.000e+00, 17597378
4.941e+00, 4.709e+00, 0.000e+00, 8.245e+00, -3.000e+00,4.941e+00, 7.317e+00, 1.604e-01, 4.762e+00,0.000e+00, 17607605
4.941e+00, 4.709e+00, 0.000e+00, 8.245e+00, -3.000e+00,4.941e+00, 7.350e+00, 1.604e-01, 4.123e+00,0.000e+00, 17617837
4.941e+00, 4.709e+00, 0.000e+00, 8.245e+00, -3.000e+00,4.941e+00, 7.383e+00, 0.000e+00, 3.579e+00,0.000e+00, 17628066
4.941e+00, 4.709e+00, 0.000e+00, 8.245e+00, -3.000e+00,4.941e+00, 7.398e+00, 0.000e+00, 2.429e+00,0.000e+00, 17638277
4.941e+00, 4.709e+00, 0.000e+00, 8.245e+00, -3.000e+00,4.941e+00, 7.410e+00, 0.000e+00, 1.726e+00,0.000e+00, 17648490
4.941e+00, 4.709e+00, 0.000e+00, 8.245e+00, -3.000e+00,4.941e+00, 7.414e+00, 0.000e+00, 8.948e-01,0.000e+00, 17658702
4.941e+00, 4.709e+00, 0.000e+00, 8.245e+00, -3.000e+00,4.941e+00, 7.410e+00, 0.000e+00, 1.917e-01,0.000e+00, 17668917
4.941e+00, 4.709e+00, 0.000e+00, 8.245e+00, -3.000e+00,4.941e+00, 7.400e+00, 0.000e+00, -5.752e-01,0.000e+00, 17679147
4.941e+00, 4.709e+00, 0.000e+00, 8.245e+00, -3.000e+00,4.941e+00, 7.378e+00, 0.000e+00, -1.470e+00,0.000e+00, 17689361
4.941e+00, 4.709e+00, 0.000e+00, 8.245e+00, -3.000e+00,4.941e+00, 7.355e+00, 0.000e+00, -2.013e+00,0.000e+00, 17699575
4.941e+00, 4.709e+00, 0.000e+00, 8.245e+00, -3.000e+00,4.941e+00, 7.319e+00, 0.000e+00, -2.908e+00,0.000e+00, 17709790
4.941e+00, 4.709e+00, 0.000e+00, 8.245e+00, -3.000e+00,4.941e+00, 7.277e+00, 0.000e+00, -3.611e+00,0.000e+00, 17720018
4.941e+00, 4.709e+00, 0.000e+00, 8.245e+00, -3.000e+00,4.941e+00, 7.224e+00, 0.000e+00, -4.410e+00,0.000e+00, 17730233
4.941e+00, 4.709e+00, 0.000e+00, 8.245e+00, -3.000e+00,4.941e+00, 7.174e+00, 0.000e+00, -4.858e+00,0.000e+00, 17740447
4.941e+00, 4.709e+00, 0.000e+00, 8.245e+00, -3.000e+00,4.941e+00, 7.114e+00, 0.000e+00, -5.465e+00,0.000e+00, 17750664
4.941e+00, 4.709e+00, 0.000e+00, 8.245e+00, -3.000e+00,4.941e+00, 7.049e+00, 0.000e+00, -6.072e+00,0.000e+00, 17760879
4.941e+00, 4.709e+00, 0.000e+00, 8.245e+00, -3.000e+00,4.941e+00, 6.983e+00, 0.000e+00, -6.424e+00,0.000e+00, 17771110
4.941e+00, 4.709e+00, 0.000e+00, 8.245e+00, -3.000e+00,4.941e+00, 6.892e+00, 0.000e+00, -7.414e+00,0.000e+00, 17781328
4.941e+00, 4.709e+00, 0.000e+00, 8.245e+00, -3.000e+00,4.941e+00, 6.817e+00, 0.000e+00, -7.734e+00,0.000e+00, 17791539
4.941e+00, 4.709e+00, 0.000e+00, 8.245e+00, -3.000e+00,4.941e+00, 6.735e+00, 0.000e+00, -8.181e+00,0.000e+00, 17801756
4.941e+00, 4.709e+00, 0.000e+00, 8.245e+00, -3.000e+00,4.941e+00, 6.641e+00, 0.000e+00, -8.756e+00,0.000e+00, 17811969
4.941e+00, 4.709e+00, 0.000e+00, 8.245e+00, -3.000e+00,4.941e+00, 6.554e+00, 0.000e+00, -8.980e+00,0.000e+00, 17822196
4.941e+00, 4.709e+00, 0.000e+00, 8.245e+00, -3.000e+00,4.941e+00, 6.454e+00, 0.000e+00, -9.140e+00,0.000e+00, 17832412
4.941e+00, 4.709e+00, 0.000e+00, 8.245e+00, -3.000e+00,4.941e+00, 6.361e+00, 0.000e+00, -9.140e+00,0.000e+00, 17842627
4.941e+00, 4.709e+00, 0.000e+00, 8.245e+00, -3.000e+00,4.941e+00, 6.272e+00, 0.000e+00, -9.172e+00,0.000e+00, 17852844
4.941e+00, 4.709e+00, 0.000e+00, 8.245e+00, -3.000e+00,4.941e+00, 6.183e+00, 0.000e+00, -8.980e+00,0.000e+00, 17863080
4.941e+00, 4.709e+00, 0.000e+00, 8.245e+00, -3.000e+00,4.941e+00, 6.086e+00, 0.000e+00, -8.852e+00,0.000e+00, 17873293
4.941e+00, 4.709e+00, 0.000e+00, 8.245e+00, -3.000e+00,4.941e+00, 5.999e+00, 0.000e+00, -8.820e+00,0.000e+00, 17883511
4.941e+00, 4.709e+00, 0.000e+00, 8.245e+00, -3.000e+00,4.941e+00, 5.917e+00, 0.000e+00, -8.469e+00,0.000e+00, 17893725
4.941e+00, 4.709e+00, 0.000e+00, 8.245e+00, -3.000e+00,4.941e+00, 5.838e+00, 0.000e+00, -8.021e+00,0.000e+00, 17903940
4.941e+00, 4.709e+00, 0.000e+00, 8.245e+00, -3.000e+00,4.941e+00, 5.762e+00, 0.000e+00, -7.766e+00,0.000e+00, 17914167
4.941e+00, 4.709e+00, 0.000e+00, 8.245e+00, -3.000e+00,4.941e+00, 5.696e+00, 0.000e+00, -6.967e+00,0.000e+00, 17924381
4.941e+00, 4.709e+00, 0.000e+00, 8.245e+00, -3.000e+00,4.941e+00, 5.636e+00, 0.000e+00, -6.392e+00,0.000e+00, 17934595
4.941e+00, 4.709e+00, 0.000e+00, 8.245e+00, -3.000e+00,4.941e+00, 5.578e+00, 0.000e+00, -6.232e+00,0.000e+00, 17944813
4.941e+00, 4.709e+00, 0.000e+00, 8.245e+00, -3.000e+00,4.941e+00, 5.515e+00, 0.000e+00, -5.976e+00,0.000e+00, 17955045
4.941e+00, 4.709e+00, 0.000e+00, 8.245e+00, -3.000e+00,4.941e+00, 5.461e+00, 0.000e+00, -5.369e+00,0.000e+00, 17965261
4.941e+00, 4.709e+00, 0.000e+00, 8.245e+00, -3.000e+00,4.941e+00, 5.418e+00, 0.000e+00, -4.922e+00,0.000e+00, 17975475
4.941e+00, 4.709e+00, 0.000e+00, 8.245e+00, -3.000e+00,4.941e+00, 5.379e+00, 0.000e+00, -4.346e+00,0.000e+00, 17985691
4.941e+00, 4.709e+00, 0.000e+00, 8.245e+00, -3.000e+00,4.941e+00, 5.347e+00, 0.000e+00, -3.643e+00,0.000e+00, 17995904
4.941e+00, 4.709e+00, 0.000e+00, 8.245e+00, -3.000e+00,4.941e+00, 5.321e+00, 0.000e+00, -3.004e+00,0.000e+00, 18006134
4.941e+00, 4.709e+00, 0.000e+00, 8.245e+00, -3.000e+00,4.941e+00, 5.302e+00, 0.000e+00, -2.301e+00,0.000e+00, 18016347
4.941e+00, 4.709e+00, 0.000e+00, 8.245e+00, -3.000e+00,4.941e+00, 5.292e+00, 0.000e+00, -1.662e+00,0.000e+00, 18026559
4.941e+00, 4.709e+00, 0.000e+00, 8.245e+00, -3.000e+00,4.941e+00, 5.288e+00, 0.000e+00, -8.629e-01,0.000e+00, 18036773
4.941e+00, 4.709e+00, 0.000e+00, 8.245e+00, -3.000e+00,4.941e+00, 5.291e+00, 0.000e+00, -2.237e-01,0.000e+00, 18046985
4.941e+00, 4.709e+00, 0.000e+00, 8.245e+00, -3.000e+00,4.941e+00, 5.300e+00, 0.000e+00, 4.794e-01,0.000e+00, 18057211
4.941e+00, 4.709e+00, 0.000e+00, 8.245e+00, -3.000e+00,4.941e+00, 5.318e+00, 0.000e+00, 1.278e+00,0.000e+00, 18067422
4.941e+00, 4.709e+00, 0.000e+00, 8.245e+00, -3.000e+00,4.941e+00, 5.341e+00, 0.000e+00, 1.886e+00,0.000e+00, 18077635
4.941e+00, 4.709e+00, 0.000e+00, 8.245e+00, -3.000e+00,4.941e+00, 5.370e+00, 0.000e+00, 2.525e+00,0.000e+00, 18087852
4.941e+00, 4.709e+00, 0.000e+00, 8.245e+00, -3.000e+00,4.941e+00, 5.407e+00, 0.000e+00, 3.196e+00,0.000e+00, 18098082
4.941e+00, 4.709e+00, 0.000e+00, 8.245e+00, -3.000e+00,4.941e+00, 5.456e+00, 0.000e+00, 3.899e+00,0.000e+00, 18108292
4.941e+00, 4.709e+00, 0.000e+00, 8.245e+00, -3.000e+00,4.941e+00, 5.496e+00, 0.000e+00, 4.282e+00,0.000e+00, 18118507
4.941e+00, 4.709e+00, 0.000e+00, 8.245e+00, -3.000e+00,4.941e+00, 5.557e+00, 0.000e+00, 5.177e+00,0.000e+00, 18128718
4.941e+00, 4.709e+00, 0.000e+00, 8.245e+00, -3.000e+00,4.941e+00, 5.606e+00, 0.000e+00, 5.369e+00,0.000e+00, 18138928
4.941e+00, 4.709e+00, 0.000e+00, 8.245e+00, -3.000e+00,4.941e+00, 5.666e+00, 0.000e+00, 5.784e+00,0.000e+00, 18149162
4.941e+00, 4.709e+00, 0.000e+00, 8.245e+00, -3.000e+00,4.941e+00, 5.745e+00, 0.000e+00, 6.551e+00,0.000e+00, 18159374
4.941e+00, 4.709e+00, 0.000e+00, 8.245e+00, -3.000e+00,4.941e+00, 5.816e+00, 0.000e+00, 7.031e+00,0.000e+00, 18169583
4.941e+00, 4.709e+00, 0.000e+00, 8.245e+00, -3.000e+00,4.941e+00, 5.886e+00, 0.000e+00, 6.935e+00,0.000e+00, 18179798
4.941e+00, 4.709e+00, 0.000e+00, 8.245e+00, -3.000e+00,4.941e+00, 5.963e+00, 0.000e+00, 7.638e+00,0.000e+00, 18190025
4.941e+00, 4.709e+00, 0.000e+00, 8.245e+00, -3.000e+00,4.941e+00, 6.044e+00, 0.000e+00, 7.606e+00,0.000e+00, 18200241
4.941e+00, 4.709e+00, 0.000e+00, 8.245e+00, -3.000e+00,4.941e+00, 6.127e+00, 0.000e+00, 7.958e+00,0.000e+00, 18210454
4.941e+00, 4.709e+00, 0.000e+00, 8.245e+00, -3.000e+00,4.941e+00, 6.203e+00, 0.000e+00, 7.926e+00,0.000e+00, 18220669
4.941e+00, 4.709e+00, 0.000e+00, 8.245e+00, -3.000e+00,4.941e+00, 6.279e+00, 0.000e+00, 7.766e+00,0.000e+00, 18230882
4.941e+00, 4.709e+00, 0.000e+00, 8.245e+00, -3.000e+00,4.941e+00, 6.357e+00, 0.000e+00, 7.446e+00,0.000e+00, 18241109
4.941e+00, 4.709e+00, 0.000e+00, 8.245e+00, -3.000e+00,4.941e+00, 6.443e+00, 0.000e+00, 7.766e+00,0.000e+00, 18251319
4.941e+00, 4.709e+00, 0.000e+00, 8.245e+00, -3.000e+00,4.941e+00, 6.514e+00, 0.000e+00, 7.222e+00,0.000e+00, 18261536
4.941e+00, 4.709e+00, 0.000e+00, 8.245e+00, -3.000e+00,4.941e+00, 6.582e+00, 0.000e+00, 7.254e+00,0.000e+00, 18271754
4.941e+00, 4.709e+00, 0.000e+00, 8.245e+00, -3.000e+00,4.941e+00, 6.648e+00, 0.000e+00, 6.807e+00,0.000e+00, 18281969
4.941e+00, 4.709e+00, 0.000e+00, 8.245e+00, -3.000e+00,4.941e+00, 6.712e+00, 0.000e+00, 6.615e+00,0.000e+00, 18292195
4.941e+00, 4.709e+00, 0.000e+00, 8.245e+00, -3.000e+00,4.941e+00, 6.779e+00, 0.000e+00, 6.168e+00,0.000e+00, 18302407
4.941e+00, 4.709e+00, 0.000e+00, 8.245e+00, -3.000e+00,4.941e+00, 6.831e+00, 0.000e+00, 5.625e+00,0.000e+00, 18312620
4.941e+00, 4.709e+00, 0.000e+00, 8.245e+00, -3.000e+00,4.941e+00, 6.878e+00, 0.000e+00, 4.985e+00,0.000e+00, 18322833
4.941e+00, 4.709e+00, 0.000e+00, 8.245e+00, -3.000e+00,4.941e+00, 6.920e+00, 0.000e+00, 4.570e+00,0.000e+00, 18333058
4.941e+00, 4.709e+00, 0.000e+00, 8.245e+00, -3.000e+00,4.941e+00, 6.957e+00, 0.000e+00, 3.867e+00,0.000e+00, 18343272
4.941e+00, 4.709e+00, 0.000e+00, 8.245e+00, -3.000e+00,4.941e+00, 6.987e+00, 0.000e+00, 3.100e+00,0.000e+00, 18353483
4.941e+00, 4.709e+00, 0.000e+00, 8.245e+00, -3.000e+00,4.941e+00, 7.016e+00, 0.000e+00, 2.940e+00,0.000e+00, 18363693
4.941e+00, 4.709e+00, 0.000e+00, 8.245e+00, -3.000e+00,4.941e+00, 7.031e+00, 0.000e+00, 2.301e+00,0.000e+00, 18373904
4.941e+00, 4.709e+00, 0.000e+00, 8.245e+00, -3.000e+00,4.941e+00, 7.033e+00, 0.000e+00, 1.374e+00,0.000e+00, 18384131
4.941e+00, 4.709e+00, 0.000e+00, 8.245e+00, -3.000e+00,4.941e+00, 7.037e+00, 0.000e+00, 6.711e-01,0.000e+00, 18394345
4.941e+00, 4.709e+00, 0.000e+00, 8.245e+00, -3.000e+00,4.941e+00, 7.037e+00, 0.000e+00, 2.557e-01,0.000e+00, 18404559
4.941e+00, 4.709e+00, 0.000e+00, 8.245e+00, -3.000e+00,4.941e+00, 7.032e+00, 0.000e+00, -2.237e-01,0.000e+00, 18414774
4.941e+00, 4.709e+00, 0.000e+00, 8.245e+00, -3.000e+00,4.941e+00, 7.023e+00, 0.000e+00, -5.752e-01,0.000e+00, 18424999
4.941e+00, 4.709e+00, 0.000e+00, 8.245e+00, -3.000e+00,4.941e+00, 7.009e+00, 0.000e+00, -1.119e+00,0.000e+00, 18435209
4.941e+00, 4.709e+00, 0.000e+00, 8.245e+00, -3.000e+00,4.941e+00, 6.985e+00, 0.000e+00, -1.726e+00,0.000e+00, 18445426
4.941e+00, 4.709e+00, 0.000e+00, 8.245e+00, -3.000e+00,4.941e+00, 6.962e+00, 0.000e+00, -2.173e+00,0.000e+00, 18455643
4.941e+00, 4.709e+00, 0.000e+00, 8.245e+00, -3.000e+00,4.941e+00, 6.937e+00, 0.000e+00, -2.653e+00,0.000e+00, 18465859
4.941e+00, 4.709e+00, 0.000e+00, 8.245e+00, -3.000e+00,4.941e+00, 6.900e+00, 0.000e+00, -3.164e+00,0.000e+00, 18476089
4.941e+00, 4.709e+00, 0.000e+00, 8.245e+00, -3.000e+00,4.941e+00, 6.856e+00, 0.000e+00, -3.771e+00,0.000e+00, 18486303
4.941e+00, 4.709e+00, 0.000e+00, 8.245e+00, -3.000e+00,4.941e+00, 6.812e+00, 0.000e+00, -4.091e+00,0.000e+00, 18496516
4.941e+00, 4.709e+00, 0.000e+00, 8.245e+00, -3.000e+00,4.941e+00, 6.765e+00, 0.000e+00, -4.410e+00,0.000e+00, 18506732
4.941e+00, 4.709e+00, 0.000e+00, 8.245e+00, -3.000e+00,4.941e+00, 6.713e+00, 0.000e+00, -4.985e+00,0.000e+00, 18516950
4.941e+00, 4.709e+00, 0.000e+00, 8.245e+00, -3.000e+00,4.941e+00, 6.659e+00, 0.000e+00, -4.922e+00,0.000e+00, 18527178
4.941e+00, 4.709e+00, 0.000e+00, 8.245e+00, -3.000e+00,4.941e+00, 6.594e+00, 0.000e+00, -5.720e+00,0.000e+00, 18537396
4.941e+00, 4.709e+00, 0.000e+00, 8.245e+00, -3.000e+00,4.941e+00, 6.538e+00, 0.000e+00, -5.912e+00,0.000e+00, 18547615
4.941e+00, 4.709e+00, 0.000e+00, 8.245e+00, -3.000e+00,4.941e+00, 6.474e+00, 0.000e+00, -5.720e+00,0.000e+00, 18557830
4.941e+00, 4.709e+00, 0.000e+00, 8.245e+00, -3.000e+00,4.941e+00, 6.412e+00, 0.000e+00, -6.104e+00,0.000e+00, 18568058
4.941e+00, 4.709e+00, 0.000e+00, 8.245e+00, -3.000e+00,4.941e+00, 6.344e+00, 0.000e+00, -6.072e+00,0.000e+00, 18578269
4.941e+00, 4.709e+00, 0.000e+00, 8.245e+00, -3.000e+00,4.941e+00, 6.286e+00, 0.000e+00, -6.040e+00,0.000e+00, 18588484
4.941e+00, 4.709e+00, 0.000e+00, 8.245e+00, -3.000e+00,4.941e+00, 6.229e+00, 0.000e+00, -5.944e+00,0.000e+00, 18598706
4.941e+00, 4.709e+00, 0.000e+00, 8.245e+00, -3.000e+00,4.941e+00, 6.161e+00, 0.000e+00, -6.487e+00,0.000e+00, 18608920
4.941e+00, 4.709e+00, 0.000e+00, 8.245e+00, -3.000e+00,4.941e+00, 6.112e+00, 0.000e+00, -5.784e+00,0.000e+00, 18619155
4.941e+00, 4.709e+00, 0.000e+00, 8.245e+00, -3.000e+00,4.941e+00, 6.044e+00, 0.000e+00, -6.008e+00,0.000e+00, 18629366
4.941e+00, 4.709e+00, 0.000e+00, 8.245e+00, -3.000e+00,4.941e+00, 5.998e+00, 0.000e+00, -5.529e+00,0.000e+00, 18639578
4.941e+00, 4.709e+00, 0.000e+00, 8.245e+00, -3.000e+00,4.941e+00, 5.950e+00, 0.000e+00, -4.730e+00,0.000e+00, 18649792
4.941e+00, 4.709e+00, 0.000e+00, 8.245e+00, -3.000e+00,4.941e+00, 5.904e+00, 0.000e+00, -4.794e+00,0.000e+00, 18660024
4.941e+00, 4.709e+00, 0.000e+00, 8.245e+00, -3.000e+00,4.941e+00, 5.851e+00, 0.000e+00, -4.602e+00,0.000e+00, 18670239
4.941e+00, 4.709e+00, 0.000e+00, 8.245e+00, -3.000e+00,4.941e+00, 5.821e+00, 0.000e+00, -4.027e+00,0.000e+00, 18680452
4.941e+00, 4.709e+00, 0.000e+00, 8.245e+00, -3.000e+00,4.941e+00, 5.790e+00, 0.000e+00, -3.579e+00,0.000e+00, 18690668
4.941e+00, 4.709e+00, 0.000e+00, 8.245e+00, -3.000e+00,4.941e+00, 5.756e+00, 0.000e+00, -3.356e+00,0.000e+00, 18700882
4.941e+00, 4.709e+00, 0.000e+00, 8.245e+00, -3.000e+00,4.941e+00, 5.729e+00, 0.000e+00, -3.100e+00,0.000e+00, 18711113
4.941e+00, 4.709e+00, 0.000e+00, 8.245e+00, -3.000e+00,4.941e+00, 5.693e+00, 0.000e+00, -3.004e+00,0.000e+00, 18721326
4.941e+00, 4.709e+00, 0.000e+00, 8.245e+00, -3.000e+00,4.941e+00, 5.674e+00, 0.000e+00, -2.493e+00,0.000e+00, 18731541
4.941e+00, 4.709e+00, 0.000e+00, 8.245e+00, -3.000e+00,4.941e+00, 5.660e+00, 0.000e+00, -1.854e+00,0.000e+00, 18741753
4.941e+00, 4.709e+00, 0.000e+00, 8.245e+00, -3.000e+00,4.941e+00, 5.650e+00, 0.000e+00, -1.246e+00,0.000e+00, 18751967
4.941e+00, 4.709e+00, 0.000e+00, 8.245e+00, -3.000e+00,4.941e+00, 5.646e+00, 0.000e+00, -7.990e-01,0.000e+00, 18762191
4.941e+00, 4.709e+00, 0.000e+00, 8.245e+00, -3.000e+00,4.941e+00, 5.646e+00, 0.000e+00, -2.876e-01,0.000e+00, 18772406
4.941e+00, 4.709e+00, 0.000e+00, 8.245e+00, -3.000e+00,4.941e+00, 5.647e+00, 0.000e+00, 1.598e-01,0.000e+00, 18782621
4.941e+00, 4.709e+00, 0.000e+00, 8.245e+00, -3.000e+00,4.941e+00, 5.657e+00, 0.000e+00, 4.474e-01,0.000e+00, 18792834
4.941e+00, 4.709e+00, 0.000e+00, 8.245e+00, -3.000e+00,4.941e+00, 5.669e+00, 0.000e+00, 9.587e-01,0.000e+00, 18803067
4.941e+00, 4.709e+00, 0.000e+00, 8.245e+00, -3.000e+00,4.941e+00, 5.690e+00, 0.000e+00, 1.374e+00,0.000e+00, 18813281
4.941e+00, 4.709e+00, 0.000e+00, 8.245e+00, -3.000e+00,4.941e+00, 5.708e+00, 0.000e+00, 1.790e+00,0.000e+00, 18823494
4.941e+00, 4.709e+00, 0.000e+00, 8.245e+00, -3.000e+00,4.941e+00, 5.742e+00, 0.000e+00, 2.557e+00,0.000e+00, 18833707
4.941e+00, 4.709e+00, 0.000e+00, 8.245e+00, -3.000e+00,4.941e+00, 5.767e+00, 0.000e+00, 2.812e+00,0.000e+00, 18843926
4.941e+00, 4.709e+00, 0.000e+00, 8.245e+00, -3.000e+00,4.941e+00, 5.795e+00, 0.000e+00, 3.004e+00,0.000e+00, 18854155
4.941e+00, 4.709e+00, 0.000e+00, 8.245e+00, -3.000e+00,4.941e+00, 5.831e+00, 0.000e+00, 3.196e+00,0.000e+00, 18864368
4.941e+00, 4.709e+00, 0.000e+00, 8.245e+00, -3.000e+00,4.941e+00, 5.877e+00, 0.000e+00, 3.835e+00,0.000e+00, 18874580
4.941e+00, 4.709e+00, 0.000e+00, 8.245e+00, -3.000e+00,4.941e+00, 5.920e+00, 0.000e+00, 3.995e+00,0.000e+00, 18884791
4.941e+00, 4.709e+00, 0.000e+00, 8.245e+00, -3.000e+00,4.941e+00, 5.957e+00, 0.000e+00, 4.218e+00,0.000e+00, 18895017
4.941e+00, 4.709e+00, 0.000e+00, 8.245e+00, -3.000e+00,4.941e+00, 6.009e+00, 0.000e+00, 4.538e+00,0.000e+00, 18905233
4.941e+00, 4.709e+00, 0.000e+00, 8.245e+00, -3.000e+00,4.941e+00, 6.053e+00, 0.000e+00, 4.538e+00,0.000e+00, 18915446
4.941e+00, 4.709e+00, 0.000e+00, 8.245e+00, -3.000e+00,4.941e+00, 6.098e+00, 0.000e+00, 4.602e+00,0.000e+00, 18925657
4.941e+00, 4.709e+00, 0.000e+00, 8.245e+00, -3.000e+00,4.941e+00, 6.154e+00, 0.000e+00, 4.826e+00,0.000e+00, 18935872
4.941e+00, 4.709e+00, 0.000e+00, 8.245e+00, -3.000e+00,4.941e+00, 6.193e+00, 0.000e+00, 4.730e+00,0.000e+00, 18946101
4.941e+00, 4.709e+00, 0.000e+00, 8.245e+00, -3.000e+00,4.941e+00, 6.246e+00, 0.000e+00, 4.730e+00,0.000e+00, 18956315
4.941e+00, 4.709e+00, 0.000e+00, 8.245e+00, -3.000e+00,4.941e+00, 6.290e+00, 0.000e+00, 4.570e+00,0.000e+00, 18966528
4.941e+00, 4.709e+00, 0.000e+00, 8.245e+00, -3.000e+00,4.941e+00, 6.337e+00, 0.000e+00, 4.698e+00,0.000e+00, 18976741
4.941e+00, 4.709e+00, 0.000e+00, 8.245e+00, -3.000e+00,4.941e+00, 6.380e+00, 0.000e+00, 4.442e+00,0.000e+00, 18986956
4.941e+00, 4.709e+00, 0.000e+00, 8.245e+00, -3.000e+00,4.941e+00, 6.431e+00, 0.000e+00, 4.794e+00,0.000e+00, 18997185
4.941e+00, 4.709e+00, 0.000e+00, 8.245e+00, -3.000e+00,4.941e+00, 6.469e+00, 0.000e+00, 4.155e+00,0.000e+00, 19007394
4.941e+00, 4.709e+00, 0.000e+00, 8.245e+00, -3.000e+00,4.941e+00, 6.508e+00, 0.000e+00, 3.931e+00,0.000e+00, 19017606
4.941e+00, 4.709e+00, 0.000e+00, 8.245e+00, -3.000e+00,4.941e+00, 6.545e+00, 0.000e+00, 3.675e+00,0.000e+00, 19027821
4.941e+00, 4.709e+00, 0.000e+00, 8.245e+00, -3.000e+00,4.941e+00, 6.581e+00, 0.000e+00, 3.643e+00,0.000e+00, 19038049
4.941e+00, 4.709e+00, 0.000e+00, 8.245e+00, -3.000e+00,4.941e+00, 6.615e+00, 0.000e+00, 3.324e+00,0.000e+00, 19048262
4.941e+00, 4.709e+00, 0.000e+00, 8.245e+00, -3.000e+00,4.941e+00, 6.641e+00, 0.000e+00, 2.940e+00,0.000e+00, 19058474
4.941e+00, 4.709e+00, 0.000e+00, 8.245e+00, -3.000e+00,4.941e+00, 6.670e+00, 0.000e+00, 2.844e+00,0.000e+00, 19068689
4.941e+00, 4.709e+00, 0.000e+00, 8.245e+00, -3.000e+00,4.941e+00, 6.687e+00, 0.000e+00, 2.173e+00,0.000e+00, 19078907
4.941e+00, 4.709e+00, 0.000e+00, 8.245e+00, -3.000e+00,4.941e+00, 6.702e+00, 0.000e+00, 1.598e+00,0.000e+00, 19089133
4.941e+00, 4.709e+00, 0.000e+00, 8.245e+00, -3.000e+00,4.941e+00, 6.723e+00, 0.000e+00, 1.790e+00,0.000e+00, 19099346
4.941e+00, 4.709e+00, 0.000e+00, 8.245e+00, -3.000e+00,4.941e+00, 6.721e+00, 0.000e+00, 9.907e-01,0.000e+00, 19109557
4.941e+00, 4.709e+00, 0.000e+00, 8.245e+00, -3.000e+00,4.941e+00, 6.725e+00, 0.000e+00, 5.752e-01,0.000e+00, 19119772
4.941e+00, 4.709e+00, 0.000e+00, 8.245e+00, -3.000e+00,4.941e+00, 6.725e+00, 0.000e+00, 9.586e-02,0.000e+00, 19129984
4.941e+00, 4.709e+00, 0.000e+00, 8.245e+00, -3.000e+00,4.941e+00, 6.723e+00, 0.000e+00, -9.586e-02,0.000e+00, 19140217
4.941e+00, 4.709e+00, 0.000e+00, 8.245e+00, -3.000e+00,4.941e+00, 6.713e+00, 0.000e+00, -5.113e-01,0.000e+00, 19150432
4.941e+00, 4.709e+00, 0.000e+00, 8.245e+00, -3.000e+00,4.941e+00, 6.702e+00, 0.000e+00, -8.948e-01,0.000e+00, 19160649
4.941e+00, 4.709e+00, 0.000e+00, 8.245e+00, -3.000e+00,4.941e+00, 6.687e+00, 0.000e+00, -1.246e+00,0.000e+00, 19170863
4.941e+00, 4.709e+00, 0.000e+00, 8.245e+00, -3.000e+00,4.941e+00, 6.671e+00, 0.000e+00, -1.470e+00,0.000e+00, 19181090
4.941e+00, 4.709e+00, 0.000e+00, 8.245e+00, -3.000e+00,4.941e+00, 6.649e+00, 0.000e+00, -1.790e+00,0.000e+00, 19191303
4.941e+00, 4.709e+00, 0.000e+00, 8.245e+00, -3.000e+00,4.941e+00, 6.626e+00, 0.000e+00, -2.333e+00,0.000e+00, 19201517
4.941e+00, 4.709e+00, 0.000e+00, 8.245e+00, -3.000e+00,4.941e+00, 6.600e+00, 0.000e+00, -2.301e+00,0.000e+00, 19211732
4.941e+00, 4.709e+00, 0.000e+00, 8.245e+00, -3.000e+00,4.941e+00, 6.575e+00, 0.000e+00, -2.493e+00,0.000e+00, 19221944
4.941e+00, 4.709e+00, 0.000e+00, 8.245e+00, -3.000e+00,4.941e+00, 6.544e+00, 0.000e+00, -2.844e+00,0.000e+00, 19232173
4.941e+00, 4.709e+00, 0.000e+00, 8.245e+00, -3.000e+00,4.941e+00, 6.508e+00, 0.000e+00, -3.068e+00,0.000e+00, 19242383
4.941e+00, 4.709e+00, 0.000e+00, 8.245e+00, -3.000e+00,4.941e+00, 6.475e+00, 0.000e+00, -3.036e+00,0.000e+00, 19252596
4.941e+00, 4.709e+00, 0.000e+00, 8.245e+00, -3.000e+00,4.941e+00, 6.441e+00, 0.000e+00, -3.228e+00,0.000e+00, 19262810
4.941e+00, 4.709e+00, 0.000e+00, 8.245e+00, -3.000e+00,4.941e+00, 6.407e+00, 0.000e+00, -3.451e+00,0.000e+00, 19273037
4.941e+00, 4.709e+00, 0.000e+00, 8.245e+00, -3.000e+00,4.941e+00, 6.367e+00, 0.000e+00, -3.515e+00,0.000e+00, 19283248
4.941e+00, 4.709e+00, 0.000e+00, 8.245e+00, -3.000e+00,4.941e+00, 6.331e+00, 0.000e+00, -3.675e+00,0.000e+00, 19293462
4.941e+00, 4.709e+00, 0.000e+00, 8.245e+00, -3.000e+00,4.941e+00, 6.296e+00, 0.000e+00, -3.579e+00,0.000e+00, 19303676
4.941e+00, 4.709e+00, 0.000e+00, 8.245e+00, -3.000e+00,4.941e+00, 6.258e+00, 0.000e+00, -3.739e+00,0.000e+00, 19313891
4.941e+00, 4.709e+00, 0.000e+00, 8.245e+00, -3.000e+00,4.941e+00, 6.223e+00, 0.000e+00, -3.899e+00,0.000e+00, 19324118
4.941e+00, 4.709e+00, 0.000e+00, 8.245e+00, -3.000e+00,4.941e+00, 6.184e+00, 0.000e+00, -3.643e+00,0.000e+00, 19334332
4.941e+00, 4.709e+00, 0.000e+00, 8.245e+00, -3.000e+00,4.941e+00, 6.150e+00, 0.000e+00, -3.388e+00,0.000e+00, 19344544
4.941e+00, 4.709e+00, 0.000e+00, 8.245e+00, -3.000e+00,4.941e+00, 6.124e+00, 0.000e+00, -3.100e+00,0.000e+00, 19354756
4.941e+00, 4.709e+00, 0.000e+00, 8.245e+00, -3.000e+00,4.941e+00, 6.088e+00, 0.000e+00, -3.164e+00,0.000e+00, 19364971
4.941e+00, 4.709e+00, 0.000e+00, 8.245e+00, -3.000e+00,4.941e+00, 6.058e+00, 0.000e+00, -3.004e+00,0.000e+00, 19375191
4.941e+00, 4.709e+00, 0.000e+00, 8.245e+00, -3.000e+00,4.941e+00, 6.029e+00, 0.000e+00, -2.780e+00,0.000e+00, 19385408
4.941e+00, 4.709e+00, 0.000e+00, 8.245e+00, -3.000e+00,4.941e+00, 5.999e+00, 0.000e+00, -2.812e+00,0.000e+00, 19395626
4.941e+00, 4.709e+00, 0.000e+00, 8.245e+00, -3.000e+00,4.941e+00, 5.973e+00, 0.000e+00, -2.748e+00,0.000e+00, 19405839
4.941e+00, 4.709e+00, 0.000e+00, 8.245e+00, -3.000e+00,4.941e+00, 5.949e+00, 0.000e+00, -2.141e+00,0.000e+00, 19416067
4.941e+00, 4.709e+00, 0.000e+00, 8.245e+00, -3.000e+00,4.941e+00, 5.930e+00, 0.000e+00, -1.917e+00,0.000e+00, 19426286
4.941e+00, 4.709e+00, 0.000e+00, 8.245e+00, -3.000e+00,4.941e+00, 5.913e+00, 0.000e+00, -1.822e+00,0.000e+00, 19436500
4.941e+00, 4.709e+00, 0.000e+00, 8.245e+00, -3.000e+00,4.941e+00, 5.898e+00, 0.000e+00, -1.502e+00,0.000e+00, 19446714
4.941e+00, 4.709e+00, 0.000e+00, 8.245e+00, -3.000e+00,4.941e+00, 5.890e+00, 0.000e+00, -1.182e+00,0.000e+00, 19456928
4.941e+00, 4.709e+00, 0.000e+00, 8.245e+00, -3.000e+00,4.941e+00, 5.882e+00, 0.000e+00, -9.907e-01,0.000e+00, 19467156
4.941e+00, 4.709e+00, 0.000e+00, 8.245e+00, -3.000e+00,4.941e+00, 5.879e+00, 0.000e+00, -4.794e-01,0.000e+00, 19477370
4.941e+00, 4.709e+00, 0.000e+00, 8.245e+00, -3.000e+00,4.941e+00, 5.879e+00, 0.000e+00, -2.237e-01,0.000e+00, 19487584
4.941e+00, 4.709e+00, 0.000e+00, 8.245e+00, -3.000e+00,4.941e+00, 5.882e+00, 0.000e+00, 9.588e-02,0.000e+00, 19497801
4.941e+00, 4.709e+00, 0.000e+00, 8.245e+00, -3.000e+00,4.941e+00, 5.888e+00, 0.000e+00, 3.835e-01,0.000e+00, 19508029
4.941e+00, 4.709e+00, 0.000e+00, 8.245e+00, -3.000e+00,4.941e+00, 5.897e+00, 0.000e+00, 5.433e-01,0.000e+00, 19518242
4.941e+00, 4.709e+00, 0.000e+00, 8.245e+00, -3.000e+00,4.941e+00, 5.910e+00, 0.000e+00, 1.023e+00,0.000e+00, 19528453
4.941e+00, 4.709e+00, 0.000e+00, 8.245e+00, -3.000e+00,4.941e+00, 5.922e+00, 0.000e+00, 1.214e+00,0.000e+00, 19538663
4.941e+00, 4.709e+00, 0.000e+00, 8.245e+00, -3.000e+00,4.941e+00, 5.943e+00, 0.000e+00, 1.598e+00,0.000e+00, 19548874
4.941e+00, 4.709e+00, 0.000e+00, 8.245e+00, -3.000e+00,4.941e+00, 5.957e+00, 0.000e+00, 1.726e+00,0.000e+00, 19559100
4.941e+00, 4.709e+00, 0.000e+00, 8.245e+00, -3.000e+00,4.941e+00, 5.981e+00, 0.000e+00, 2.013e+00,0.000e+00, 19569311
4.941e+00, 4.709e+00, 0.000e+00, 8.245e+00, -3.000e+00,4.941e+00, 6.010e+00, 0.000e+00, 2.429e+00,0.000e+00, 19579523
4.941e+00, 4.709e+00, 0.000e+00, 8.245e+00, -3.000e+00,4.941e+00, 6.029e+00, 0.000e+00, 2.397e+00,0.000e+00, 19589736
4.941e+00, 4.709e+00, 0.000e+00, 8.245e+00, -3.000e+00,4.941e+00, 6.051e+00, 0.000e+00, 2.333e+00,0.000e+00, 19599947
4.941e+00, 4.709e+00, 0.000e+00, 8.245e+00, -3.000e+00,4.941e+00, 6.080e+00, 0.000e+00, 2.589e+00,0.000e+00, 19610172
4.941e+00, 4.709e+00, 0.000e+00, 8.245e+00, -3.000e+00,4.941e+00, 6.114e+00, 0.000e+00, 2.876e+00,0.000e+00, 19620385
4.941e+00, 4.709e+00, 0.000e+00, 8.245e+00, -3.000e+00,4.941e+00, 6.148e+00, 0.000e+00, 3.164e+00,0.000e+00, 19630604
4.941e+00, 4.709e+00, 0.000e+00, 8.245e+00, -3.000e+00,4.941e+00, 6.170e+00, 0.000e+00, 2.972e+00,0.000e+00, 19640821
4.941e+00, 4.709e+00, 0.000e+00, 8.245e+00, -3.000e+00,4.941e+00, 6.199e+00, 0.000e+00, 2.908e+00,0.000e+00, 19651049
4.941e+00, 4.709e+00, 0.000e+00, 8.245e+00, -3.000e+00,4.941e+00, 6.234e+00, 0.000e+00, 2.876e+00,0.000e+00, 19661265
4.941e+00, 4.709e+00, 0.000e+00, 8.245e+00, -3.000e+00,4.941e+00, 6.269e+00, 0.000e+00, 3.132e+00,0.000e+00, 19671479
4.941e+00, 4.709e+00, 0.000e+00, 8.245e+00, -3.000e+00,4.941e+00, 6.295e+00, 0.000e+00, 3.132e+00,0.000e+00, 19681692
4.941e+00, 4.709e+00, 0.000e+00, 8.245e+00, -3.000e+00,4.941e+00, 6.318e+00, 0.000e+00, 2.429e+00,0.000e+00, 19691907
4.941e+00, 4.709e+00, 0.000e+00, 8.245e+00, -3.000e+00,4.941e+00, 6.347e+00, 0.000e+00, 2.844e+00,0.000e+00, 19702137
4.941e+00, 4.709e+00, 0.000e+00, 8.245e+00, -3.000e+00,4.941e+00, 6.374e+00, 0.000e+00, 2.653e+00,0.000e+00, 19712346
4.941e+00, 4.709e+00, 0.000e+00, 8.245e+00, -3.000e+00,4.941e+00, 6.399e+00, 0.000e+00, 2.557e+00,0.000e+00, 19722560
4.941e+00, 4.709e+00, 0.000e+00, 8.245e+00, -3.000e+00,4.941e+00, 6.421e+00, 0.000e+00, 2.045e+00,0.000e+00, 19732781
4.941e+00, 4.709e+00, 0.000e+00, 8.245e+00, -3.000e+00,4.941e+00, 6.443e+00, 0.000e+00, 2.205e+00,0.000e+00, 19743004
4.941e+00, 4.709e+00, 0.000e+00, 8.245e+00, -3.000e+00,4.941e+00, 6.467e+00, 0.000e+00, 2.205e+00,0.000e+00, 19753217
4.941e+00, 4.709e+00, 0.000e+00, 8.245e+00, -3.000e+00,4.941e+00, 6.478e+00, 0.000e+00, 1.758e+00,0.000e+00, 19763430
4.941e+00, 4.709e+00, 0.000e+00, 8.245e+00, -3.000e+00,4.941e+00, 6.496e+00, 0.000e+00, 1.630e+00,0.000e+00, 19773641
4.941e+00, 4.709e+00, 0.000e+00, 8.245e+00, -3.000e+00,4.941e+00, 6.509e+00, 0.000e+00, 1.438e+00,0.000e+00, 19783859
4.941e+00, 4.709e+00, 0.000e+00, 8.245e+00, -3.000e+00,4.941e+00, 6.520e+00, 0.000e+00, 1.246e+00,0.000e+00, 19794084
4.941e+00, 4.709e+00, 0.000e+00, 8.245e+00, -3.000e+00,4.941e+00, 6.528e+00, 0.000e+00, 9.268e-01,0.000e+00, 19804297
4.941e+00, 4.709e+00, 0.000e+00, 8.245e+00, -3.000e+00,4.941e+00, 6.534e+00, 0.000e+00, 6.392e-01,0.000e+00, 19814508
4.941e+00, 4.709e+00, 0.000e+00, 8.245e+00, -3.000e+00,4.941e+00, 6.534e+00, 0.000e+00, 3.196e-01,0.000e+00, 19824720
4.941e+00, 4.709e+00, 0.000e+00, 8.245e+00, -3.000e+00,4.941e+00, 6.534e+00, 0.000e+00, -9.588e-02,0.000e+00, 19834931
4.941e+00, 4.709e+00, 0.000e+00, 8.245e+00, -3.000e+00,4.941e+00, 6.533e+00, 0.000e+00, -3.195e-02,0.000e+00, 19845158
4.941e+00, 4.709e+00, 0.000e+00, 8.245e+00, -3.000e+00,4.941e+00, 6.528e+00, 0.000e+00, -2.557e-01,0.000e+00, 19855372
4.941e+00, 4.709e+00, 0.000e+00, 8.245e+00, -3.000e+00,4.941e+00, 6.522e+00, 0.000e+00, -5.113e-01,0.000e+00, 19865588
4.941e+00, 4.709e+00, 0.000e+00, 8.245e+00, -3.000e+00,4.941e+00, 6.513e+00, 0.000e+00, -7.031e-01,0.000e+00, 19875803
4.941e+00, 4.709e+00, 0.000e+00, 8.245e+00, -3.000e+00,4.941e+00, 6.503e+00, 0.000e+00, -8.948e-01,0.000e+00, 19886029
4.941e+00, 4.709e+00, 0.000e+00, 8.245e+00, -3.000e+00,4.941e+00, 6.490e+00, 0.000e+00, -1.023e+00,0.000e+00, 19896243
4.941e+00, 4.709e+00, 0.000e+00, 8.245e+00, -3.000e+00,4.941e+00, 6.475e+00, 0.000e+00, -1.566e+00,0.000e+00, 19906454
4.941e+00, 4.709e+00, 0.000e+00, 8.245e+00, -3.000e+00,4.941e+00, 6.466e+00, 0.000e+00, -1.182e+00,0.000e+00, 19916667
4.941e+00, 4.709e+00, 0.000e+00, 8.245e+00, -3.000e+00,4.941e+00, 6.447e+00, 0.000e+00, -1.438e+00,0.000e+00, 19926882
4.941e+00, 4.709e+00, 0.000e+00, 8.245e+00, -3.000e+00,4.941e+00, 6.429e+00, 0.000e+00, -1.438e+00,0.000e+00, 19937110
4.941e+00, 4.709e+00, 0.000e+00, 8.245e+00, -3.000e+00,4.941e+00, 6.410e+00, 0.000e+00, -1.917e+00,0.000e+00, 19947325
4.941e+00, 4.709e+00, 0.000e+00, 8.245e+00, -3.000e+00,4.941e+00, 6.391e+00, 0.000e+00, -1.790e+00,0.000e+00, 19957540
4.941e+00, 4.709e+00, 0.000e+00, 8.245e+00, -3.000e+00,4.941e+00, 6.372e+00, 0.000e+00, -1.790e+00,0.000e+00, 19967757
4.941e+00, 4.709e+00, 0.000e+00, 8.245e+00, -3.000e+00,4.941e+00, 6.351e+00, 0.000e+00, -1.949e+00,0.000e+00, 19977975
4.941e+00, 4.709e+00, 0.000e+00, 8.245e+00, -3.000e+00,4.941e+00, 6.331e+00, 0.000e+00, -2.045e+00,0.000e+00, 19988198
4.941e+00, 4.709e+00, 0.000e+00, 8.245e+00, -3.000e+00,4.941e+00, 6.308e+00, 0.000e+00, -2.173e+00,0.000e+00, 19998416
4.941e+00, 4.709e+00, 0.000e+00, 8.245e+00, -3.000e+00,4.941e+00, 6.279e+00, 0.000e+00, -2.333e+00,0.000e+00, 20008628
4.941e+00, 4.709e+00, 0.000e+00, 8.245e+00, -3.000e+00,4.941e+00, 6.266e+00, 0.000e+00, -2.077e+00,0.000e+00, 20018845
4.941e+00, 4.709e+00, 0.000e+00, 8.245e+00, -3.000e+00,4.941e+00, 6.244e+00, 0.000e+00, -2.173e+00,0.000e+00, 20029075
4.941e+00, 4.709e+00, 0.000e+00, 8.245e+00, -3.000e+00,4.941e+00, 6.223e+00, 0.000e+00, -2.077e+00,0.000e+00, 20039287
4.941e+00, 4.709e+00, 0.000e+00, 8.245e+00, -3.000e+00,4.941e+00, 6.204e+00, 0.000e+00, -1.949e+00,0.000e+00, 20049502
4.941e+00, 4.709e+00, 0.000e+00, 8.245e+00, -3.000e+00,4.941e+00, 6.186e+00, 0.000e+00, -1.886e+00,0.000e+00, 20059713
4.941e+00, 4.709e+00, 0.000e+00, 8.245e+00, -3.000e+00,4.941e+00, 6.167e+00, 0.000e+00, -2.013e+00,0.000e+00, 20069926
4.941e+00, 4.709e+00, 0.000e+00, 8.245e+00, -3.000e+00,4.941e+00, 6.150e+00, 0.000e+00, -1.790e+00,0.000e+00, 20080154
4.941e+00, 4.709e+00, 0.000e+00, 8.245e+00, -3.000e+00,4.941e+00, 6.132e+00, 0.000e+00, -1.694e+00,0.000e+00, 20090365
4.941e+00, 4.709e+00, 0.000e+00, 8.245e+00, -3.000e+00,4.941e+00, 6.119e+00, 0.000e+00, -1.534e+00,0.000e+00, 20100577
4.941e+00, 4.709e+00, 0.000e+00, 8.245e+00, -3.000e+00,4.941e+00, 6.104e+00, 0.000e+00, -1.310e+00,0.000e+00, 20110790
4.941e+00, 4.709e+00, 0.000e+00, 8.245e+00, -3.000e+00,4.941e+00, 6.094e+00, 0.000e+00, -1.150e+00,0.000e+00, 20121014
4.941e+00, 4.709e+00, 0.000e+00, 8.245e+00, -3.000e+00,4.941e+00, 6.082e+00, 0.000e+00, -1.119e+00,0.000e+00, 20131226
4.941e+00, 4.709e+00, 0.000e+00, 8.245e+00, -3.000e+00,4.941e+00, 6.074e+00, 0.000e+00, -9.907e-01,0.000e+00, 20141438
4.941e+00, 4.709e+00, 0.000e+00, 8.245e+00, -3.000e+00,4.941e+00, 6.068e+00, 0.000e+00, -7.350e-01,0.000e+00, 20151654
4.941e+00, 4.709e+00, 0.000e+00, 8.245e+00, -3.000e+00,4.941e+00, 6.064e+00, 0.000e+00, -3.835e-01,0.000e+00, 20161869
4.941e+00, 4.709e+00, 0.000e+00, 8.245e+00, -3.000e+00,4.941e+00, 6.062e+00, 0.000e+00, -2.557e-01,0.000e+00, 20172097
4.941e+00, 4.709e+00, 0.000e+00, 8.245e+00, -3.000e+00,4.941e+00, 6.061e+00, 0.000e+00, -3.197e-02,0.000e+00, 20182308
4.941e+00, 4.709e+00, 0.000e+00, 8.245e+00, -3.000e+00,4.941e+00, 6.061e+00, 0.000e+00, -9.588e-02,0.000e+00, 20192520
4.941e+00, 4.709e+00, 0.000e+00, 8.245e+00, -3.000e+00,4.941e+00, 6.065e+00, 0.000e+00, 1.598e-01,0.000e+00, 20202738
4.941e+00, 4.709e+00, 0.000e+00, 8.245e+00, -3.000e+00,4.941e+00, 6.075e+00, 0.000e+00, 5.752e-01,0.000e+00, 20212951
4.941e+00, 4.709e+00, 0.000e+00, 8.245e+00, -3.000e+00,4.941e+00, 6.082e+00, 0.000e+00, 8.629e-01,0.000e+00, 20223178
4.941e+00, 4.709e+00, 0.000e+00, 8.245e+00, -3.000e+00,4.941e+00, 6.086e+00, 0.000e+00, 8.309e-01,0.000e+00, 20233394
4.941e+00, 4.709e+00, 0.000e+00, 8.245e+00, -3.000e+00,4.941e+00, 6.092e+00, 0.000e+00, 8.948e-01,0.000e+00, 20243608
4.941e+00, 4.709e+00, 0.000e+00, 8.245e+00, -3.000e+00,4.941e+00, 6.095e+00, 0.000e+00, 7.990e-01,0.000e+00, 20253821
4.941e+00, 4.709e+00, 0.000e+00, 8.245e+00, -3.000e+00,4.941e+00, 6.106e+00, 0.000e+00, 8.309e-01,0.000e+00, 20264050
4.941e+00, 4.709e+00, 0.000e+00, 8.245e+00, -3.000e+00,4.941e+00, 6.117e+00, 0.000e+00, 1.023e+00,0.000e+00, 20274264
4.941e+00, 4.709e+00, 0.000e+00, 8.245e+00, -3.000e+00,4.941e+00, 6.129e+00, 0.000e+00, 9.907e-01,0.000e+00, 20284476
4.941e+00, 4.709e+00, 0.000e+00, 8.245e+00, -3.000e+00,4.941e+00, 6.141e+00, 0.000e+00, 1.087e+00,0.000e+00, 20294687
4.941e+00, 4.709e+00, 0.000e+00, 8.245e+00, -3.000e+00,4.941e+00, 6.153e+00, 0.000e+00, 1.150e+00,0.000e+00, 20304901
4.941e+00, 4.709e+00, 0.000e+00, 8.245e+00, -3.000e+00,4.941e+00, 6.166e+00, 0.000e+00, 1.278e+00,0.000e+00, 20315134
4.941e+00, 4.709e+00, 0.000e+00, 8.245e+00, -3.000e+00,4.941e+00, 6.180e+00, 0.000e+00, 1.278e+00,0.000e+00, 20325346
4.941e+00, 4.709e+00, 0.000e+00, 8.245e+00, -3.000e+00,4.941e+00, 6.194e+00, 0.000e+00, 1.342e+00,0.000e+00, 20335559
4.941e+00, 4.709e+00, 0.000e+00, 8.245e+00, -3.000e+00,4.941e+00, 6.210e+00, 0.000e+00, 1.438e+00,0.000e+00, 20345771
4.941e+00, 4.709e+00, 0.000e+00, 8.245e+00, -3.000e+00,4.941e+00, 6.220e+00, 0.000e+00, 1.278e+00,0.000e+00, 20355985
4.941e+00, 4.709e+00, 0.000e+00, 8.245e+00, -3.000e+00,4.941e+00, 6.236e+00, 0.000e+00, 1.246e+00,0.000e+00, 20366210
4.941e+00, 4.709e+00, 0.000e+00, 8.245e+00, -3.000e+00,4.941e+00, 6.244e+00, 0.000e+00, 1.150e+00,0.000e+00, 20376423
4.941e+00, 4.709e+00, 0.000e+00, 8.245e+00, -3.000e+00,4.941e+00, 6.262e+00, 0.000e+00, 1.342e+00,0.000e+00, 20386637
4.941e+00, 4.709e+00, 0.000e+00, 8.245e+00, -3.000e+00,4.941e+00, 6.276e+00, 0.000e+00, 1.214e+00,0.000e+00, 20396850
4.941e+00, 4.709e+00, 0.000e+00, 8.245e+00, -3.000e+00,4.941e+00, 6.288e+00, 0.000e+00, 9.907e-01,0.000e+00, 20407076
4.941e+00, 4.709e+00, 0.000e+00, 8.245e+00, -3.000e+00,4.941e+00, 6.300e+00, 0.000e+00, 1.246e+00,0.000e+00, 20417289
4.941e+00, 4.709e+00, 0.000e+00, 8.245e+00, -3.000e+00,4.941e+00, 6.318e+00, 0.000e+00, 1.470e+00,0.000e+00, 20427502
4.941e+00, 4.709e+00, 0.000e+00, 8.245e+00, -3.000e+00,4.941e+00, 6.322e+00, 0.000e+00, 1.150e+00,0.000e+00, 20437716
4.941e+00, 4.709e+00, 0.000e+00, 8.245e+00, -3.000e+00,4.941e+00, 6.331e+00, 0.000e+00, 7.990e-01,0.000e+00, 20447928
4.941e+00, 4.709e+00, 0.000e+00, 8.245e+00, -3.000e+00,4.941e+00, 6.337e+00, 0.000e+00, 8.629e-01,0.000e+00, 20458155
4.941e+00, 4.709e+00, 0.000e+00, 8.245e+00, -3.000e+00,4.941e+00, 6.345e+00, 0.000e+00, 7.350e-01,0.000e+00, 20468369
4.941e+00, 4.709e+00, 0.000e+00, 8.245e+00, -3.000e+00,4.941e+00, 6.351e+00, 0.000e+00, 6.072e-01,0.000e+00, 20478581
4.941e+00, 4.709e+00, 0.000e+00, 8.245e+00, -3.000e+00,4.941e+00, 6.356e+00, 0.000e+00, 5.752e-01,0.000e+00, 20488797
4.941e+00, 4.709e+00, 0.000e+00, 8.245e+00, -3.000e+00,4.941e+00, 6.358e+00, 0.000e+00, 3.835e-01,0.000e+00, 20499023
4.941e+00, 4.709e+00, 0.000e+00, 8.245e+00, -3.000e+00,4.941e+00, 6.361e+00, 0.000e+00, 2.876e-01,0.000e+00, 20509237
4.941e+00, 4.709e+00, 0.000e+00, 8.245e+00, -3.000e+00,4.941e+00, 6.362e+00, 0.000e+00, 1.598e-01,0.000e+00, 20519452
4.941e+00, 4.709e+00, 0.000e+00, 8.245e+00, -3.000e+00,4.941e+00, 6.362e+00, 0.000e+00, 9.586e-02,0.000e+00, 20529665
4.941e+00, 4.709e+00, 0.000e+00, 8.245e+00, -3.000e+00,4.941e+00, 6.362e+00, 0.000e+00, 3.195e-02,0.000e+00, 20539880
4.941e+00, 4.709e+00, 0.000e+00, 8.245e+00, -3.000e+00,4.941e+00, 6.361e+00, 0.000e+00, -6.392e-02,0.000e+00, 20550107
4.941e+00, 4.709e+00, 0.000e+00, 8.245e+00, -3.000e+00,4.941e+00, 6.361e+00, 0.000e+00, -6.392e-02,0.000e+00, 20560322
4.941e+00, 4.709e+00, 0.000e+00, 8.245e+00, -3.000e+00,4.941e+00, 6.361e+00, 0.000e+00, -3.197e-02,0.000e+00, 20570535
4.941e+00, 4.709e+00, 0.000e+00, 8.245e+00, -3.000e+00,4.941e+00, 6.352e+00, 0.000e+00, -3.515e-01,0.000e+00, 20580750
4.941e+00, 4.709e+00, 0.000e+00, 8.245e+00, -3.000e+00,4.941e+00, 6.348e+00, 0.000e+00, -3.835e-01,0.000e+00, 20590966
4.941e+00, 4.709e+00, 0.000e+00, 8.245e+00, -3.000e+00,4.941e+00, 6.345e+00, 0.000e+00, -3.835e-01,0.000e+00, 20601191
4.941e+00, 4.709e+00, 0.000e+00, 8.245e+00, -3.000e+00,4.941e+00, 6.340e+00, 0.000e+00, -4.794e-01,0.000e+00, 20611405
4.941e+00, 4.709e+00, 0.000e+00, 8.245e+00, -3.000e+00,4.941e+00, 6.335e+00, 0.000e+00, -4.155e-01,0.000e+00, 20621618
4.941e+00, 4.709e+00, 0.000e+00, 8.245e+00, -3.000e+00,4.941e+00, 6.332e+00, 0.000e+00, -4.794e-01,0.000e+00, 20631833
4.941e+00, 4.709e+00, 0.000e+00, 8.245e+00, -3.000e+00,4.941e+00, 6.327e+00, 0.000e+00, -4.155e-01,0.000e+00, 20642060
4.941e+00, 4.709e+00, 0.000e+00, 8.245e+00, -3.000e+00,4.941e+00, 6.320e+00, 0.000e+00, -5.433e-01,0.000e+00, 20652277
4.941e+00, 4.709e+00, 0.000e+00, 8.245e+00, -3.000e+00,4.941e+00, 6.315e+00, 0.000e+00, -5.113e-01,0.000e+00, 20662492
4.941e+00, 4.709e+00, 0.000e+00, 8.245e+00, -3.000e+00,4.941e+00, 6.307e+00, 0.000e+00, -6.072e-01,0.000e+00, 20672704
4.941e+00, 4.709e+00, 0.000e+00, 8.245e+00, -3.000e+00,4.941e+00, 6.302e+00, 0.000e+00, -5.433e-01,0.000e+00, 20682916
4.941e+00, 4.709e+00, 0.000e+00, 8.245e+00, -3.000e+00,4.941e+00, 6.296e+00, 0.000e+00, -6.392e-01,0.000e+00, 20693145
4.941e+00, 4.709e+00, 0.000e+00, 8.245e+00, -3.000e+00,4.941e+00, 6.289e+00, 0.000e+00, -5.752e-01,0.000e+00, 20703363
4.941e+00, 4.709e+00, 0.000e+00, 8.245e+00, -3.000e+00,4.941e+00, 6.284e+00, 0.000e+00, -5.752e-01,0.000e+00, 20713577
4.941e+00, 4.709e+00, 0.000e+00, 8.245e+00, -3.000e+00,4.941e+00, 6.279e+00, 0.000e+00, -5.433e-01,0.000e+00, 20723792
4.941e+00, 4.709e+00, 0.000e+00, 8.245e+00, -3.000e+00,4.941e+00, 6.272e+00, 0.000e+00, -5.433e-01,0.000e+00, 20734021
4.941e+00, 4.709e+00, 0.000e+00, 8.245e+00, -3.000e+00,4.941e+00, 6.266e+00, 0.000e+00, -5.752e-01,0.000e+00, 20744235
4.941e+00, 4.709e+00, 0.000e+00, 8.245e+00, -3.000e+00,4.941e+00, 6.262e+00, 0.000e+00, -5.113e-01,0.000e+00, 20754449
4.941e+00, 4.709e+00, 0.000e+00, 8.245e+00, -3.000e+00,4.941e+00, 6.256e+00, 0.000e+00, -5.113e-01,0.000e+00, 20764664
4.941e+00, 4.709e+00, 0.000e+00, 8.245e+00, -3.000e+00,4.941e+00, 6.253e+00, 0.000e+00, -4.154e-01,0.000e+00, 20774881
4.941e+00, 4.709e+00, 0.000e+00, 8.245e+00, -3.000e+00,4.941e+00, 6.248e+00, 0.000e+00, -4.794e-01,0.000e+00, 20785108
4.941e+00, 4.709e+00, 0.000e+00, 8.245e+00, -3.000e+00,4.941e+00, 6.243e+00, 0.000e+00, -4.155e-01,0.000e+00, 20795323
4.941e+00, 4.709e+00, 0.000e+00, 8.245e+00, -3.000e+00,4.941e+00, 6.239e+00, 0.000e+00, -3.515e-01,0.000e+00, 20805537
4.941e+00, 4.709e+00, 0.000e+00, 8.245e+00, -3.000e+00,4.941e+00, 6.238e+00, 0.000e+00, -3.195e-02,0.000e+00, 20815751
4.941e+00, 4.709e+00, 0.000e+00, 8.245e+00, -3.000e+00,4.941e+00, 6.236e+00, 0.000e+00, -2.557e-01,0.000e+00, 20825965
4.941e+00, 4.709e+00, 0.000e+00, 8.245e+00, -3.000e+00,4.941e+00, 6.235e+00, 0.000e+00, -1.598e-01,0.000e+00, 20836190
4.941e+00, 4.709e+00, 0.000e+00, 8.245e+00, -3.000e+00,4.941e+00, 6.233e+00, 0.000e+00, 1.598e-01,0.000e+00, 20846402
4.941e+00, 4.709e+00, 0.000e+00, 8.245e+00, -3.000e+00,4.941e+00, 6.230e+00, 0.000e+00, -1.917e-01,0.000e+00, 20856615
4.941e+00, 4.709e+00, 0.000e+00, 8.245e+00, -3.000e+00,4.941e+00, 6.230e+00, 0.000e+00, -9.586e-02,0.000e+00, 20866834
4.941e+00, 4.709e+00, 0.000e+00, 8.245e+00, -3.000e+00,4.941e+00, 6.230e+00, 0.000e+00, -6.392e-02,0.000e+00, 20877063
4.941e+00, 4.709e+00, 0.000e+00, 8.245e+00, -3.000e+00,4.941e+00, 6.230e+00, 0.000e+00, 0.000e+00,0.000e+00, 20887259
4.941e+00, 4.709e+00, 0.000e+00, 8.245e+00, -3.000e+00,4.941e+00, 6.230e+00, 0.000e+00, 0.000e+00,0.000e+00, 20897454
4.941e+00, 4.709e+00, 0.000e+00, 8.245e+00, -3.000e+00,4.941e+00, 6.231e+00, 0.000e+00, 3.195e-02,0.000e+00, 20907667
4.941e+00, 4.709e+00, 0.000e+00, 8.245e+00, -3.000e+00,4.941e+00, 6.232e+00, 0.000e+00, 6.392e-02,0.000e+00, 20917881
4.941e+00, 4.709e+00, 0.000e+00, 8.245e+00, -3.000e+00,4.941e+00, 6.233e+00, 0.000e+00, 6.392e-02,0.000e+00, 20928110
4.941e+00, 4.709e+00, 0.000e+00, 8.245e+00, -3.000e+00,4.941e+00, 6.233e+00, 0.000e+00, 6.392e-02,0.000e+00, 20938320
4.941e+00, 4.709e+00, 0.000e+00, 8.245e+00, -3.000e+00,4.941e+00, 6.233e+00, 0.000e+00, 0.000e+00,0.000e+00, 20948516
4.941e+00, 4.709e+00, 0.000e+00, 8.245e+00, -3.000e+00,4.941e+00, 6.233e+00, 0.000e+00, 0.000e+00,0.000e+00, 20958712
4.941e+00, 4.709e+00, 0.000e+00, 8.245e+00, -3.000e+00,4.941e+00, 6.233e+00, 0.000e+00, 0.000e+00,0.000e+00, 20968907
4.941e+00, 4.709e+00, 0.000e+00, 8.245e+00, -3.000e+00,4.941e+00, 6.233e+00, 0.000e+00, 0.000e+00,0.000e+00, 20979116
4.941e+00, 4.709e+00, 0.000e+00, 8.245e+00, -3.000e+00,4.941e+00, 6.233e+00, 0.000e+00, 0.000e+00,0.000e+00, 20989309
4.941e+00, 4.709e+00, 0.000e+00, 8.245e+00, -3.000e+00,4.941e+00, 6.233e+00, 0.000e+00, 0.000e+00,0.000e+00, 20999505
4.941e+00, 4.709e+00, 0.000e+00, 8.245e+00, -3.000e+00,4.941e+00, 6.233e+00, 0.000e+00, 0.000e+00,0.000e+00, 21009697
4.941e+00, 4.709e+00, 0.000e+00, 8.245e+00, -3.000e+00,4.941e+00, 6.233e+00, 0.000e+00, 0.000e+00,0.000e+00, 21019892
4.941e+00, 4.709e+00, 0.000e+00, 8.245e+00, -3.000e+00,4.941e+00, 6.233e+00, 0.000e+00, 0.000e+00,0.000e+00, 21030100
4.941e+00, 4.709e+00, 0.000e+00, 8.245e+00, -3.000e+00,4.941e+00, 6.233e+00, 0.000e+00, 0.000e+00,0.000e+00, 21040294
4.941e+00, 4.709e+00, 0.000e+00, 8.245e+00, -3.000e+00,4.941e+00, 6.233e+00, 0.000e+00, 0.000e+00,0.000e+00, 21050487
4.941e+00, 4.709e+00, 0.000e+00, 8.245e+00, -3.000e+00,4.941e+00, 6.233e+00, 0.000e+00, 0.000e+00,0.000e+00, 21060683
4.941e+00, 4.709e+00, 0.000e+00, 8.245e+00, -3.000e+00,4.941e+00, 6.233e+00, 0.000e+00, 0.000e+00,0.000e+00, 21070878
4.941e+00, 4.709e+00, 0.000e+00, 8.245e+00, -3.000e+00,4.941e+00, 6.233e+00, 0.000e+00, 0.000e+00,0.000e+00, 21081087
4.941e+00, 4.709e+00, 0.000e+00, 8.245e+00, -3.000e+00,4.941e+00, 6.233e+00, 0.000e+00, 0.000e+00,0.000e+00, 21091282
4.941e+00, 4.709e+00, 0.000e+00, 8.245e+00, -3.000e+00,4.941e+00, 6.233e+00, 0.000e+00, 0.000e+00,0.000e+00, 21101478
4.941e+00, 4.709e+00, 0.000e+00, 8.245e+00, -3.000e+00,4.941e+00, 6.233e+00, 0.000e+00, 0.000e+00,0.000e+00, 21111674
4.941e+00, 4.709e+00, 0.000e+00, 8.245e+00, -3.000e+00,4.941e+00, 6.233e+00, 0.000e+00, 0.000e+00,0.000e+00, 21121868
4.941e+00, 4.709e+00, 0.000e+00, 8.245e+00, -3.000e+00,4.941e+00, 6.233e+00, 0.000e+00, 0.000e+00,0.000e+00, 21132077
4.941e+00, 4.709e+00, 0.000e+00, 8.245e+00, -3.000e+00,4.941e+00, 6.233e+00, 0.000e+00, 0.000e+00,0.000e+00, 21142271
4.941e+00, 4.709e+00, 0.000e+00, 8.245e+00, -3.000e+00,4.941e+00, 6.233e+00, 0.000e+00, 0.000e+00,0.000e+00, 21152464
4.941e+00, 4.709e+00, 0.000e+00, 8.245e+00, -3.000e+00,4.941e+00, 6.233e+00, 0.000e+00, 0.000e+00,0.000e+00, 21162658
4.941e+00, 4.709e+00, 0.000e+00, 8.245e+00, -3.000e+00,4.941e+00, 6.233e+00, 0.000e+00, 0.000e+00,0.000e+00, 21172854
4.941e+00, 4.709e+00, 0.000e+00, 8.245e+00, -3.000e+00,4.941e+00, 6.233e+00, 0.000e+00, 0.000e+00,0.000e+00, 21183061
4.941e+00, 4.709e+00, 0.000e+00, 8.245e+00, -3.000e+00,4.941e+00, 6.233e+00, 0.000e+00, 0.000e+00,0.000e+00, 21193255
4.941e+00, 4.709e+00, 0.000e+00, 8.245e+00, -3.000e+00,4.941e+00, 6.233e+00, 0.000e+00, 0.000e+00,0.000e+00, 21203449
4.941e+00, 4.709e+00, 0.000e+00, 8.245e+00, -3.000e+00,4.941e+00, 6.233e+00, 0.000e+00, 0.000e+00,0.000e+00, 21213644
4.941e+00, 4.709e+00, 0.000e+00, 8.245e+00, -3.000e+00,4.941e+00, 6.233e+00, 0.000e+00, 0.000e+00,0.000e+00, 21223839
4.941e+00, 4.709e+00, 0.000e+00, 8.245e+00, -3.000e+00,4.941e+00, 6.233e+00, 0.000e+00, 0.000e+00,0.000e+00, 21234048
4.941e+00, 4.709e+00, 0.000e+00, 8.245e+00, -3.000e+00,4.941e+00, 6.233e+00, 0.000e+00, 0.000e+00,0.000e+00, 21244244
4.941e+00, 4.709e+00, 0.000e+00, 8.245e+00, -3.000e+00,4.941e+00, 6.233e+00, 0.000e+00, 0.000e+00,0.000e+00, 21254439
4.941e+00, 4.709e+00, 0.000e+00, 8.245e+00, -3.000e+00,4.941e+00, 6.233e+00, 0.000e+00, 0.000e+00,0.000e+00, 21264633
4.941e+00, 4.709e+00, 0.000e+00, 8.245e+00, -3.000e+00,4.941e+00, 6.233e+00, 0.000e+00, 0.000e+00,0.000e+00, 21274830
4.941e+00, 4.709e+00, 0.000e+00, 8.245e+00, -3.000e+00,4.941e+00, 6.233e+00, 0.000e+00, 0.000e+00,0.000e+00, 21285036
4.941e+00, 4.709e+00, 0.000e+00, 8.245e+00, -3.000e+00,4.941e+00, 6.233e+00, 0.000e+00, 0.000e+00,0.000e+00, 21295230
4.941e+00, 4.709e+00, 0.000e+00, 8.245e+00, -3.000e+00,4.941e+00, 6.233e+00, 0.000e+00, 0.000e+00,0.000e+00, 21305426
4.941e+00, 4.709e+00, 0.000e+00, 8.245e+00, -3.000e+00,4.941e+00, 6.233e+00, 0.000e+00, 0.000e+00,0.000e+00, 21315620
4.941e+00, 4.709e+00, 0.000e+00, 8.245e+00, -3.000e+00,4.941e+00, 6.233e+00, 0.000e+00, 0.000e+00,0.000e+00, 21325817
4.941e+00, 4.709e+00, 0.000e+00, 8.245e+00, -3.000e+00,4.941e+00, 6.233e+00, 0.000e+00, 0.000e+00,0.000e+00, 21336023
4.941e+00, 4.709e+00, 0.000e+00, 8.245e+00, -3.000e+00,4.941e+00, 6.233e+00, 0.000e+00, 0.000e+00,0.000e+00, 21346220
4.941e+00, 4.709e+00, 0.000e+00, 8.245e+00, -3.000e+00,4.941e+00, 6.233e+00, 0.000e+00, 0.000e+00,0.000e+00, 21356413
4.941e+00, 4.709e+00, 0.000e+00, 8.245e+00, -3.000e+00,4.941e+00, 6.233e+00, 0.000e+00, 0.000e+00,0.000e+00, 21366605
4.941e+00, 4.709e+00, 0.000e+00, 8.245e+00, -3.000e+00,4.941e+00, 6.233e+00, 0.000e+00, 0.000e+00,0.000e+00, 21376800
4.941e+00, 4.709e+00, 0.000e+00, 8.245e+00, -3.000e+00,4.941e+00, 6.233e+00, 0.000e+00, 0.000e+00,0.000e+00, 21387007
4.941e+00, 4.709e+00, 0.000e+00, 8.245e+00, -3.000e+00,4.941e+00, 6.233e+00, 0.000e+00, 0.000e+00,0.000e+00, 21397203
4.941e+00, 4.709e+00, 0.000e+00, 8.245e+00, -3.000e+00,4.941e+00, 6.233e+00, 0.000e+00, 0.000e+00,0.000e+00, 21407397
4.941e+00, 4.709e+00, 0.000e+00, 8.245e+00, -3.000e+00,4.941e+00, 6.233e+00, 0.000e+00, 0.000e+00,0.000e+00, 21417593
4.941e+00, 4.709e+00, 0.000e+00, 8.245e+00, -3.000e+00,4.941e+00, 6.233e+00, 0.000e+00, 0.000e+00,0.000e+00, 21427788
4.941e+00, 4.709e+00, 0.000e+00, 8.245e+00, -3.000e+00,4.941e+00, 6.233e+00, 0.000e+00, 0.000e+00,0.000e+00, 21437981
4.941e+00, 4.709e+00, 0.000e+00, 8.245e+00, -3.000e+00,4.941e+00, 6.233e+00, 0.000e+00, 0.000e+00,0.000e+00, 21448186
4.941e+00, 4.709e+00, 0.000e+00, 8.245e+00, -3.000e+00,4.941e+00, 6.233e+00, 0.000e+00, 0.000e+00,0.000e+00, 21458380
4.941e+00, 4.709e+00, 0.000e+00, 8.245e+00, -3.000e+00,4.941e+00, 6.233e+00, 0.000e+00, 0.000e+00,0.000e+00, 21468574
4.941e+00, 4.709e+00, 0.000e+00, 8.245e+00, -3.000e+00,4.941e+00, 6.233e+00, 0.000e+00, 0.000e+00,0.000e+00, 21478769
4.941e+00, 4.709e+00, 0.000e+00, 8.245e+00, -3.000e+00,4.941e+00, 6.233e+00, 0.000e+00, 0.000e+00,0.000e+00, 21488964
4.941e+00, 4.709e+00, 0.000e+00, 8.245e+00, -3.000e+00,4.941e+00, 6.233e+00, 0.000e+00, 0.000e+00,0.000e+00, 21499168
4.941e+00, 4.709e+00, 0.000e+00, 8.245e+00, -3.000e+00,4.941e+00, 6.233e+00, 0.000e+00, 0.000e+00,0.000e+00, 21509361
4.941e+00, 4.709e+00, 0.000e+00, 8.245e+00, -3.000e+00,4.941e+00, 6.233e+00, 0.000e+00, 0.000e+00,0.000e+00, 21519554
4.941e+00, 4.709e+00, 0.000e+00, 8.245e+00, -3.000e+00,4.941e+00, 6.233e+00, 0.000e+00, 0.000e+00,0.000e+00, 21529751
4.941e+00, 4.709e+00, 0.000e+00, 8.245e+00, -3.000e+00,4.941e+00, 6.233e+00, 0.000e+00, 0.000e+00,0.000e+00, 21539944
4.941e+00, 4.709e+00, 0.000e+00, 8.245e+00, -3.000e+00,4.941e+00, 6.233e+00, 0.000e+00, 0.000e+00,0.000e+00, 21550153
4.941e+00, 4.709e+00, 0.000e+00, 8.245e+00, -3.000e+00,4.941e+00, 6.233e+00, 0.000e+00, 0.000e+00,0.000e+00, 21560347
4.941e+00, 4.709e+00, 0.000e+00, 8.245e+00, -3.000e+00,4.941e+00, 6.233e+00, 0.000e+00, 0.000e+00,0.000e+00, 21570541
4.941e+00, 4.709e+00, 0.000e+00, 8.245e+00, -3.000e+00,4.941e+00, 6.233e+00, 0.000e+00, 0.000e+00,0.000e+00, 21580736
4.941e+00, 4.709e+00, 0.000e+00, 8.245e+00, -3.000e+00,4.941e+00, 6.233e+00, 0.000e+00, 0.000e+00,0.000e+00, 21590928
4.941e+00, 4.709e+00, 0.000e+00, 8.245e+00, -3.000e+00,4.941e+00, 6.233e+00, 0.000e+00, 0.000e+00,0.000e+00, 21601137
4.941e+00, 4.709e+00, 0.000e+00, 8.245e+00, -3.000e+00,4.941e+00, 6.233e+00, 0.000e+00, 0.000e+00,0.000e+00, 21611331